coincidence_window [ps] = 500
capture_duration [sec] = 1.0
dark_capture_duration = 0.0
no_of_rep = 5000
--------------------------------------------------------------------------------
step ustep rate1 rate2 rate3 rate4 dark1 dark2 dark3 dark4 rate12 rate13 rate14 rate23 rate24 rate34 dark12 dark13 dark14 dark23 dark24 dark34 rate123 rate124 rate134 rate234 dark123 dark124 dark13451648 128 1459.0 278.0 2461.0 849.0 0 0 0 0 0.0 0.0 0.0 0.0 0.0 0.0 0 0 0 0 0 0 0.0 0.0 0.0 0.0 0 0 0 0
51648 128 1409.0 324.0 2356.0 735.0 0 0 0 0 0.0 0.0 1.0 0.0 0.0 0.0 0 0 0 0 0 0 0.0 0.0 0.0 0.0 0 0 0 0
51648 128 1317.0 367.0 2430.0 973.0 0 0 0 0 0.0 0.0 0.0 0.0 0.0 0.0 0 0 0 0 0 0 0.0 0.0 0.0 0.0 0 0 0 0
51648 128 1347.0 259.0 2418.0 753.0 0 0 0 0 0.0 0.0 1.0 0.0 0.0 1.0 0 0 0 0 0 0 0.0 0.0 0.0 0.0 0 0 0 0
51648 128 1289.0 254.0 2425.0 1012.0 0 0 0 0 0.0 0.0 0.0 0.0 0.0 0.0 0 0 0 0 0 0 0.0 0.0 0.0 0.0 0 0 0 0
51648 128 1390.0 271.0 2298.0 852.0 0 0 0 0 0.0 0.0 0.0 0.0 0.0 0.0 0 0 0 0 0 0 0.0 0.0 0.0 0.0 0 0 0 0
51648 128 1332.0 311.0 2534.0 843.0 0 0 0 0 0.0 0.0 0.0 0.0 0.0 0.0 0 0 0 0 0 0 0.0 0.0 0.0 0.0 0 0 0 0
51648 128 1288.0 314.0 2453.0 909.0 0 0 0 0 0.0 0.0 1.0 0.0 0.0 0.0 0 0 0 0 0 0 0.0 0.0 0.0 0.0 0 0 0 0
51648 128 1382.0 261.0 2302.0 888.0 0 0 0 0 0.0 0.0 0.0 0.0 0.0 0.0 0 0 0 0 0 0 0.0 0.0 0.0 0.0 0 0 0 0
51648 128 1244.0 322.0 2505.0 872.0 0 0 0 0 0.0 0.0 0.0 0.0 0.0 0.0 0 0 0 0 0 0 0.0 0.0 0.0 0.0 0 0 0 0
51648 128 1358.0 301.0 2484.0 852.0 0 0 0 0 0.0 0.0 0.0 0.0 0.0 0.0 0 0 0 0 0 0 0.0 0.0 0.0 0.0 0 0 0 0
51648 128 1377.0 307.0 2397.0 863.0 0 0 0 0 0.0 0.0 1.0 0.0 0.0 0.0 0 0 0 0 0 0 0.0 0.0 0.0 0.0 0 0 0 0
51648 128 1322.0 288.0 2260.0 1154.0 0 0 0 0 0.0 0.0 0.0 0.0 0.0 0.0 0 0 0 0 0 0 0.0 0.0 0.0 0.0 0 0 0 0
51648 128 1324.0 298.0 2503.0 946.0 0 0 0 0 0.0 0.0 0.0 0.0 0.0 0.0 0 0 0 0 0 0 0.0 0.0 0.0 0.0 0 0 0 0
51648 128 1383.0 268.0 2386.0 857.0 0 0 0 0 0.0 0.0 0.0 0.0 0.0 0.0 0 0 0 0 0 0 0.0 0.0 0.0 0.0 0 0 0 0
51648 128 1400.0 310.0 2399.0 912.0 0 0 0 0 0.0 0.0 0.0 0.0 0.0 0.0 0 0 0 0 0 0 0.0 0.0 0.0 0.0 0 0 0 0
51648 128 1403.0 326.0 2508.0 972.0 0 0 0 0 0.0 0.0 1.0 1.0 0.0 0.0 0 0 0 0 0 0 0.0 0.0 0.0 0.0 0 0 0 0
51648 128 1309.0 294.0 2424.0 796.0 0 0 0 0 0.0 0.0 0.0 0.0 0.0 0.0 0 0 0 0 0 0 0.0 0.0 0.0 0.0 0 0 0 0
51648 128 1369.0 281.0 2319.0 884.0 0 0 0 0 0.0 0.0 0.0 0.0 0.0 0.0 0 0 0 0 0 0 0.0 0.0 0.0 0.0 0 0 0 0
51648 128 1395.0 293.0 2452.0 852.0 0 0 0 0 0.0 0.0 1.0 0.0 0.0 0.0 0 0 0 0 0 0 0.0 0.0 0.0 0.0 0 0 0 0
51648 128 1334.0 318.0 2362.0 847.0 0 0 0 0 0.0 0.0 0.0 0.0 0.0 0.0 0 0 0 0 0 0 0.0 0.0 0.0 0.0 0 0 0 0
51648 128 1382.0 291.0 2546.0 865.0 0 0 0 0 0.0 0.0 1.0 0.0 0.0 0.0 0 0 0 0 0 0 0.0 0.0 0.0 0.0 0 0 0 0
51648 128 1317.0 314.0 2306.0 998.0 0 0 0 0 0.0 0.0 0.0 0.0 0.0 0.0 0 0 0 0 0 0 0.0 0.0 0.0 0.0 0 0 0 0
51648 128 1379.0 283.0 2552.0 836.0 0 0 0 0 0.0 0.0 0.0 0.0 0.0 0.0 0 0 0 0 0 0 0.0 0.0 0.0 0.0 0 0 0 0
51648 128 1354.0 257.0 2354.0 839.0 0 0 0 0 0.0 0.0 0.0 0.0 0.0 1.0 0 0 0 0 0 0 0.0 0.0 0.0 0.0 0 0 0 0
51648 128 1315.0 308.0 2436.0 973.0 0 0 0 0 0.0 0.0 0.0 0.0 0.0 1.0 0 0 0 0 0 0 0.0 0.0 0.0 0.0 0 0 0 0
51648 128 1422.0 321.0 2396.0 786.0 0 0 0 0 0.0 0.0 1.0 0.0 0.0 0.0 0 0 0 0 0 0 0.0 0.0 0.0 0.0 0 0 0 0
51648 128 1311.0 309.0 2369.0 910.0 0 0 0 0 0.0 0.0 0.0 0.0 0.0 0.0 0 0 0 0 0 0 0.0 0.0 0.0 0.0 0 0 0 0
51648 128 1351.0 313.0 2333.0 875.0 0 0 0 0 0.0 1.0 1.0 0.0 0.0 0.0 0 0 0 0 0 0 0.0 0.0 0.0 0.0 0 0 0 0
51648 128 1360.0 304.0 2400.0 906.0 0 0 0 0 0.0 0.0 0.0 0.0 0.0 0.0 0 0 0 0 0 0 0.0 0.0 0.0 0.0 0 0 0 0
51648 128 1351.0 334.0 2399.0 867.0 0 0 0 0 0.0 0.0 0.0 0.0 0.0 0.0 0 0 0 0 0 0 0.0 0.0 0.0 0.0 0 0 0 0
51648 128 1408.0 321.0 2407.0 794.0 0 0 0 0 0.0 0.0 0.0 0.0 0.0 0.0 0 0 0 0 0 0 0.0 0.0 0.0 0.0 0 0 0 0
51648 128 1373.0 326.0 2595.0 681.0 0 0 0 0 0.0 0.0 0.0 0.0 0.0 0.0 0 0 0 0 0 0 0.0 0.0 0.0 0.0 0 0 0 0
51648 128 1347.0 278.0 2274.0 878.0 0 0 0 0 0.0 0.0 0.0 0.0 0.0 0.0 0 0 0 0 0 0 0.0 0.0 0.0 0.0 0 0 0 0
51648 128 1445.0 295.0 2511.0 753.0 0 0 0 0 0.0 0.0 0.0 0.0 0.0 0.0 0 0 0 0 0 0 0.0 0.0 0.0 0.0 0 0 0 0
51648 128 1407.0 280.0 2405.0 759.0 0 0 0 0 0.0 0.0 0.0 0.0 0.0 0.0 0 0 0 0 0 0 0.0 0.0 0.0 0.0 0 0 0 0
51648 128 1359.0 271.0 2481.0 1010.0 0 0 0 0 0.0 0.0 0.0 0.0 0.0 0.0 0 0 0 0 0 0 0.0 0.0 0.0 0.0 0 0 0 0
51648 128 1430.0 306.0 2366.0 751.0 0 0 0 0 0.0 0.0 0.0 0.0 0.0 0.0 0 0 0 0 0 0 0.0 0.0 0.0 0.0 0 0 0 0
51648 128 1360.0 312.0 2469.0 1199.0 0 0 0 0 0.0 0.0 0.0 0.0 0.0 1.0 0 0 0 0 0 0 0.0 0.0 0.0 0.0 0 0 0 0
51648 128 1444.0 324.0 2250.0 937.0 0 0 0 0 0.0 0.0 0.0 0.0 0.0 0.0 0 0 0 0 0 0 0.0 0.0 0.0 0.0 0 0 0 0
51648 128 1347.0 341.0 2253.0 873.0 0 0 0 0 0.0 0.0 0.0 0.0 0.0 0.0 0 0 0 0 0 0 0.0 0.0 0.0 0.0 0 0 0 0
51648 128 1463.0 297.0 2438.0 893.0 0 0 0 0 0.0 0.0 0.0 0.0 0.0 0.0 0 0 0 0 0 0 0.0 0.0 0.0 0.0 0 0 0 0
51648 128 1350.0 315.0 2398.0 945.0 0 0 0 0 0.0 0.0 0.0 0.0 0.0 0.0 0 0 0 0 0 0 0.0 0.0 0.0 0.0 0 0 0 0
51648 128 1414.0 312.0 2226.0 990.0 0 0 0 0 0.0 0.0 0.0 0.0 0.0 0.0 0 0 0 0 0 0 0.0 0.0 0.0 0.0 0 0 0 0
51648 128 1416.0 296.0 2379.0 854.0 0 0 0 0 0.0 0.0 0.0 0.0 0.0 0.0 0 0 0 0 0 0 0.0 0.0 0.0 0.0 0 0 0 0
51648 128 1436.0 319.0 2385.0 989.0 0 0 0 0 0.0 0.0 1.0 0.0 0.0 0.0 0 0 0 0 0 0 0.0 0.0 0.0 0.0 0 0 0 0
51648 128 1442.0 300.0 2443.0 923.0 0 0 0 0 0.0 0.0 0.0 0.0 0.0 0.0 0 0 0 0 0 0 0.0 0.0 0.0 0.0 0 0 0 0
51648 128 1566.0 304.0 2417.0 818.0 0 0 0 0 0.0 0.0 0.0 0.0 0.0 0.0 0 0 0 0 0 0 0.0 0.0 0.0 0.0 0 0 0 0
51648 128 1511.0 286.0 2248.0 844.0 0 0 0 0 0.0 0.0 0.0 0.0 0.0 0.0 0 0 0 0 0 0 0.0 0.0 0.0 0.0 0 0 0 0
51648 128 1463.0 325.0 2346.0 978.0 0 0 0 0 0.0 0.0 0.0 0.0 0.0 0.0 0 0 0 0 0 0 0.0 0.0 0.0 0.0 0 0 0 0
51648 128 1541.0 372.0 2253.0 711.0 0 0 0 0 0.0 0.0 0.0 0.0 0.0 0.0 0 0 0 0 0 0 0.0 0.0 0.0 0.0 0 0 0 0
51648 128 1520.0 287.0 2290.0 708.0 0 0 0 0 0.0 0.0 0.0 0.0 0.0 0.0 0 0 0 0 0 0 0.0 0.0 0.0 0.0 0 0 0 0
51648 128 1612.0 272.0 2294.0 693.0 0 0 0 0 0.0 0.0 0.0 0.0 0.0 1.0 0 0 0 0 0 0 0.0 0.0 0.0 0.0 0 0 0 0
51648 128 2005.0 279.0 2270.0 801.0 0 0 0 0 0.0 0.0 0.0 0.0 0.0 0.0 0 0 0 0 0 0 0.0 0.0 0.0 0.0 0 0 0 0
51648 128 1894.0 270.0 2011.0 927.0 0 0 0 0 0.0 0.0 0.0 0.0 0.0 0.0 0 0 0 0 0 0 0.0 0.0 0.0 0.0 0 0 0 0
51648 128 1897.0 305.0 2030.0 777.0 0 0 0 0 0.0 0.0 0.0 0.0 0.0 0.0 0 0 0 0 0 0 0.0 0.0 0.0 0.0 0 0 0 0
51648 128 1908.0 303.0 2143.0 975.0 0 0 0 0 0.0 0.0 0.0 0.0 0.0 0.0 0 0 0 0 0 0 0.0 0.0 0.0 0.0 0 0 0 0
51648 128 1851.0 316.0 2058.0 885.0 0 0 0 0 0.0 0.0 0.0 0.0 0.0 0.0 0 0 0 0 0 0 0.0 0.0 0.0 0.0 0 0 0 0
51648 128 1876.0 329.0 1906.0 766.0 0 0 0 0 0.0 0.0 0.0 0.0 0.0 0.0 0 0 0 0 0 0 0.0 0.0 0.0 0.0 0 0 0 0
51648 128 1657.0 283.0 2154.0 689.0 0 0 0 0 0.0 0.0 0.0 0.0 0.0 0.0 0 0 0 0 0 0 0.0 0.0 0.0 0.0 0 0 0 0
51648 128 1761.0 273.0 2135.0 921.0 0 0 0 0 0.0 0.0 0.0 0.0 0.0 0.0 0 0 0 0 0 0 0.0 0.0 0.0 0.0 0 0 0 0
51648 128 1646.0 309.0 2365.0 686.0 0 0 0 0 0.0 0.0 0.0 0.0 0.0 0.0 0 0 0 0 0 0 0.0 0.0 0.0 0.0 0 0 0 0
51648 128 1872.0 297.0 2100.0 804.0 0 0 0 0 0.0 0.0 0.0 0.0 0.0 0.0 0 0 0 0 0 0 0.0 0.0 0.0 0.0 0 0 0 0
51648 128 1953.0 293.0 2128.0 797.0 0 0 0 0 0.0 0.0 0.0 0.0 0.0 0.0 0 0 0 0 0 0 0.0 0.0 0.0 0.0 0 0 0 0
51648 128 1908.0 307.0 2124.0 768.0 0 0 0 0 0.0 0.0 0.0 0.0 0.0 0.0 0 0 0 0 0 0 0.0 0.0 0.0 0.0 0 0 0 0
51648 128 2051.0 333.0 2022.0 686.0 0 0 0 0 0.0 0.0 0.0 0.0 0.0 0.0 0 0 0 0 0 0 0.0 0.0 0.0 0.0 0 0 0 0
51648 128 2082.0 321.0 1835.0 768.0 0 0 0 0 0.0 0.0 0.0 0.0 0.0 0.0 0 0 0 0 0 0 0.0 0.0 0.0 0.0 0 0 0 0
51648 128 2160.0 274.0 1938.0 811.0 0 0 0 0 0.0 0.0 0.0 0.0 0.0 0.0 0 0 0 0 0 0 0.0 0.0 0.0 0.0 0 0 0 0
51648 128 2009.0 319.0 1801.0 863.0 0 0 0 0 0.0 0.0 0.0 0.0 0.0 0.0 0 0 0 0 0 0 0.0 0.0 0.0 0.0 0 0 0 0
51648 128 2226.0 318.0 1809.0 966.0 0 0 0 0 0.0 0.0 0.0 0.0 0.0 0.0 0 0 0 0 0 0 0.0 0.0 0.0 0.0 0 0 0 0
51648 128 2155.0 300.0 1840.0 757.0 0 0 0 0 0.0 0.0 0.0 0.0 0.0 1.0 0 0 0 0 0 0 0.0 0.0 0.0 0.0 0 0 0 0
51648 128 2281.0 294.0 1720.0 915.0 0 0 0 0 0.0 0.0 1.0 0.0 0.0 0.0 0 0 0 0 0 0 0.0 0.0 0.0 0.0 0 0 0 0
51648 128 2357.0 306.0 1610.0 891.0 0 0 0 0 0.0 0.0 0.0 0.0 0.0 0.0 0 0 0 0 0 0 0.0 0.0 0.0 0.0 0 0 0 0
51648 128 2214.0 306.0 1890.0 771.0 0 0 0 0 0.0 0.0 0.0 0.0 0.0 0.0 0 0 0 0 0 0 0.0 0.0 0.0 0.0 0 0 0 0
51648 128 2168.0 334.0 1795.0 829.0 0 0 0 0 0.0 0.0 0.0 0.0 0.0 0.0 0 0 0 0 0 0 0.0 0.0 0.0 0.0 0 0 0 0
51648 128 2170.0 302.0 1885.0 925.0 0 0 0 0 0.0 0.0 0.0 0.0 0.0 0.0 0 0 0 0 0 0 0.0 0.0 0.0 0.0 0 0 0 0
51648 128 2096.0 300.0 1871.0 705.0 0 0 0 0 0.0 0.0 0.0 0.0 0.0 0.0 0 0 0 0 0 0 0.0 0.0 0.0 0.0 0 0 0 0
51648 128 1874.0 328.0 1934.0 900.0 0 0 0 0 0.0 0.0 0.0 0.0 0.0 0.0 0 0 0 0 0 0 0.0 0.0 0.0 0.0 0 0 0 0
51648 128 1842.0 330.0 2229.0 946.0 0 0 0 0 0.0 0.0 0.0 0.0 0.0 0.0 0 0 0 0 0 0 0.0 0.0 0.0 0.0 0 0 0 0
51648 128 1738.0 322.0 2103.0 902.0 0 0 0 0 0.0 0.0 0.0 0.0 0.0 0.0 0 0 0 0 0 0 0.0 0.0 0.0 0.0 0 0 0 0
51648 128 1568.0 347.0 2388.0 849.0 0 0 0 0 0.0 0.0 1.0 0.0 0.0 0.0 0 0 0 0 0 0 0.0 0.0 0.0 0.0 0 0 0 0
51648 128 1583.0 281.0 2275.0 753.0 0 0 0 0 0.0 0.0 0.0 0.0 0.0 0.0 0 0 0 0 0 0 0.0 0.0 0.0 0.0 0 0 0 0
51648 128 1699.0 287.0 2256.0 869.0 0 0 0 0 0.0 0.0 0.0 0.0 0.0 0.0 0 0 0 0 0 0 0.0 0.0 0.0 0.0 0 0 0 0
51648 128 1839.0 360.0 2119.0 690.0 0 0 0 0 0.0 0.0 0.0 0.0 0.0 0.0 0 0 0 0 0 0 0.0 0.0 0.0 0.0 0 0 0 0
51648 128 1878.0 273.0 2173.0 857.0 0 0 0 0 0.0 0.0 0.0 0.0 0.0 0.0 0 0 0 0 0 0 0.0 0.0 0.0 0.0 0 0 0 0
51648 128 2023.0 274.0 2003.0 922.0 0 0 0 0 0.0 0.0 1.0 0.0 0.0 0.0 0 0 0 0 0 0 0.0 0.0 0.0 0.0 0 0 0 0
51648 128 1964.0 302.0 1907.0 877.0 0 0 0 0 0.0 0.0 0.0 0.0 0.0 0.0 0 0 0 0 0 0 0.0 0.0 0.0 0.0 0 0 0 0
51648 128 1894.0 297.0 2076.0 865.0 0 0 0 0 0.0 0.0 0.0 0.0 0.0 0.0 0 0 0 0 0 0 0.0 0.0 0.0 0.0 0 0 0 0
51648 128 1675.0 291.0 2240.0 845.0 0 0 0 0 0.0 0.0 0.0 0.0 0.0 0.0 0 0 0 0 0 0 0.0 0.0 0.0 0.0 0 0 0 0
51648 128 1587.0 334.0 2147.0 840.0 0 0 0 0 0.0 0.0 1.0 0.0 0.0 0.0 0 0 0 0 0 0 0.0 0.0 0.0 0.0 0 0 0 0
51648 128 1611.0 337.0 2288.0 1050.0 0 0 0 0 0.0 0.0 0.0 0.0 0.0 0.0 0 0 0 0 0 0 0.0 0.0 0.0 0.0 0 0 0 0
51648 128 1615.0 356.0 2328.0 759.0 0 0 0 0 0.0 0.0 0.0 0.0 0.0 0.0 0 0 0 0 0 0 0.0 0.0 0.0 0.0 0 0 0 0
51648 128 1573.0 298.0 2272.0 725.0 0 0 0 0 0.0 0.0 0.0 0.0 0.0 0.0 0 0 0 0 0 0 0.0 0.0 0.0 0.0 0 0 0 0
51648 128 1813.0 320.0 2065.0 782.0 0 0 0 0 0.0 0.0 0.0 0.0 0.0 1.0 0 0 0 0 0 0 0.0 0.0 0.0 0.0 0 0 0 0
51648 128 1764.0 293.0 2166.0 799.0 0 0 0 0 0.0 0.0 0.0 0.0 0.0 0.0 0 0 0 0 0 0 0.0 0.0 0.0 0.0 0 0 0 0
51648 128 1764.0 315.0 1994.0 879.0 0 0 0 0 0.0 0.0 0.0 0.0 0.0 0.0 0 0 0 0 0 0 0.0 0.0 0.0 0.0 0 0 0 0
51648 128 1719.0 290.0 2049.0 795.0 0 0 0 0 0.0 0.0 0.0 0.0 0.0 1.0 0 0 0 0 0 0 0.0 0.0 0.0 0.0 0 0 0 0
51648 128 1687.0 266.0 2322.0 1047.0 0 0 0 0 0.0 0.0 0.0 0.0 0.0 0.0 0 0 0 0 0 0 0.0 0.0 0.0 0.0 0 0 0 0
51648 128 1725.0 331.0 2295.0 683.0 0 0 0 0 0.0 0.0 0.0 0.0 0.0 0.0 0 0 0 0 0 0 0.0 0.0 0.0 0.0 0 0 0 0
51648 128 1566.0 323.0 2197.0 797.0 0 0 0 0 0.0 0.0 0.0 0.0 0.0 1.0 0 0 0 0 0 0 0.0 0.0 0.0 0.0 0 0 0 0
51648 128 1567.0 335.0 2312.0 805.0 0 0 0 0 0.0 0.0 0.0 0.0 0.0 0.0 0 0 0 0 0 0 0.0 0.0 0.0 0.0 0 0 0 0
51648 128 1467.0 362.0 2458.0 910.0 0 0 0 0 0.0 0.0 0.0 0.0 0.0 1.0 0 0 0 0 0 0 0.0 0.0 0.0 0.0 0 0 0 0
51648 128 1571.0 327.0 2419.0 928.0 0 0 0 0 0.0 0.0 0.0 0.0 0.0 0.0 0 0 0 0 0 0 0.0 0.0 0.0 0.0 0 0 0 0
51648 128 1417.0 305.0 2372.0 1033.0 0 0 0 0 0.0 0.0 0.0 0.0 0.0 0.0 0 0 0 0 0 0 0.0 0.0 0.0 0.0 0 0 0 0
51648 128 1330.0 304.0 2325.0 798.0 0 0 0 0 0.0 0.0 1.0 0.0 0.0 0.0 0 0 0 0 0 0 0.0 0.0 0.0 0.0 0 0 0 0
51648 128 1413.0 349.0 2477.0 990.0 0 0 0 0 0.0 0.0 0.0 0.0 0.0 0.0 0 0 0 0 0 0 0.0 0.0 0.0 0.0 0 0 0 0
51648 128 1395.0 303.0 2464.0 814.0 0 0 0 0 0.0 0.0 0.0 0.0 0.0 0.0 0 0 0 0 0 0 0.0 0.0 0.0 0.0 0 0 0 0
51648 128 1401.0 352.0 2449.0 832.0 0 0 0 0 0.0 0.0 1.0 0.0 0.0 0.0 0 0 0 0 0 0 0.0 0.0 0.0 0.0 0 0 0 0
51648 128 1406.0 314.0 2403.0 1130.0 0 0 0 0 0.0 0.0 0.0 0.0 0.0 0.0 0 0 0 0 0 0 0.0 0.0 0.0 0.0 0 0 0 0
51648 128 1346.0 305.0 2572.0 980.0 0 0 0 0 0.0 0.0 0.0 0.0 0.0 0.0 0 0 0 0 0 0 0.0 0.0 0.0 0.0 0 0 0 0
51648 128 1412.0 256.0 2463.0 740.0 0 0 0 0 0.0 0.0 0.0 0.0 0.0 0.0 0 0 0 0 0 0 0.0 0.0 0.0 0.0 0 0 0 0
51648 128 1444.0 289.0 2424.0 949.0 0 0 0 0 0.0 0.0 0.0 0.0 0.0 0.0 0 0 0 0 0 0 0.0 0.0 0.0 0.0 0 0 0 0
51648 128 1473.0 312.0 2504.0 735.0 0 0 0 0 0.0 0.0 0.0 0.0 0.0 0.0 0 0 0 0 0 0 0.0 0.0 0.0 0.0 0 0 0 0
51648 128 1458.0 321.0 2240.0 876.0 0 0 0 0 0.0 0.0 0.0 0.0 0.0 0.0 0 0 0 0 0 0 0.0 0.0 0.0 0.0 0 0 0 0
51648 128 1406.0 313.0 2634.0 855.0 0 0 0 0 0.0 0.0 1.0 0.0 0.0 0.0 0 0 0 0 0 0 0.0 0.0 0.0 0.0 0 0 0 0
51648 128 1364.0 321.0 2389.0 974.0 0 0 0 0 0.0 0.0 0.0 0.0 0.0 0.0 0 0 0 0 0 0 0.0 0.0 0.0 0.0 0 0 0 0
51648 128 1478.0 318.0 2509.0 654.0 0 0 0 0 0.0 0.0 0.0 0.0 0.0 0.0 0 0 0 0 0 0 0.0 0.0 0.0 0.0 0 0 0 0
51648 128 1393.0 270.0 2310.0 1035.0 0 0 0 0 0.0 0.0 1.0 0.0 0.0 0.0 0 0 0 0 0 0 0.0 0.0 0.0 0.0 0 0 0 0
51648 128 1441.0 327.0 2416.0 960.0 0 0 0 0 0.0 0.0 0.0 0.0 0.0 0.0 0 0 0 0 0 0 0.0 0.0 0.0 0.0 0 0 0 0
51648 128 1535.0 324.0 2319.0 908.0 0 0 0 0 0.0 0.0 0.0 0.0 0.0 0.0 0 0 0 0 0 0 0.0 0.0 0.0 0.0 0 0 0 0
51648 128 1690.0 242.0 2411.0 949.0 0 0 0 0 0.0 0.0 0.0 0.0 0.0 0.0 0 0 0 0 0 0 0.0 0.0 0.0 0.0 0 0 0 0
51648 128 1705.0 320.0 2177.0 857.0 0 0 0 0 0.0 0.0 0.0 0.0 0.0 0.0 0 0 0 0 0 0 0.0 0.0 0.0 0.0 0 0 0 0
51648 128 1620.0 290.0 2279.0 750.0 0 0 0 0 0.0 0.0 0.0 0.0 0.0 0.0 0 0 0 0 0 0 0.0 0.0 0.0 0.0 0 0 0 0
51648 128 1560.0 321.0 2298.0 874.0 0 0 0 0 0.0 0.0 1.0 0.0 0.0 0.0 0 0 0 0 0 0 0.0 0.0 0.0 0.0 0 0 0 0
51648 128 1553.0 365.0 2277.0 873.0 0 0 0 0 0.0 0.0 0.0 0.0 0.0 0.0 0 0 0 0 0 0 0.0 0.0 0.0 0.0 0 0 0 0
51648 128 1483.0 308.0 2343.0 900.0 0 0 0 0 0.0 0.0 0.0 0.0 0.0 0.0 0 0 0 0 0 0 0.0 0.0 0.0 0.0 0 0 0 0
51648 128 1554.0 313.0 2509.0 955.0 0 0 0 0 0.0 0.0 0.0 0.0 0.0 0.0 0 0 0 0 0 0 0.0 0.0 0.0 0.0 0 0 0 0
51648 128 1636.0 261.0 2356.0 946.0 0 0 0 0 0.0 1.0 0.0 0.0 0.0 0.0 0 0 0 0 0 0 0.0 0.0 0.0 0.0 0 0 0 0
51648 128 1556.0 327.0 2361.0 801.0 0 0 0 0 0.0 0.0 0.0 0.0 0.0 0.0 0 0 0 0 0 0 0.0 0.0 0.0 0.0 0 0 0 0
51648 128 1536.0 342.0 2338.0 1046.0 0 0 0 0 0.0 0.0 0.0 0.0 0.0 0.0 0 0 0 0 0 0 0.0 0.0 0.0 0.0 0 0 0 0
51648 128 1593.0 291.0 2287.0 917.0 0 0 0 0 0.0 0.0 0.0 0.0 0.0 0.0 0 0 0 0 0 0 0.0 0.0 0.0 0.0 0 0 0 0
51648 128 1716.0 321.0 2143.0 866.0 0 0 0 0 0.0 0.0 0.0 0.0 0.0 0.0 0 0 0 0 0 0 0.0 0.0 0.0 0.0 0 0 0 0
51648 128 1785.0 282.0 2211.0 779.0 0 0 0 0 0.0 0.0 0.0 0.0 0.0 0.0 0 0 0 0 0 0 0.0 0.0 0.0 0.0 0 0 0 0
51648 128 1816.0 336.0 2097.0 705.0 0 0 0 0 0.0 0.0 0.0 0.0 0.0 2.0 0 0 0 0 0 0 0.0 0.0 0.0 0.0 0 0 0 0
51648 128 2010.0 317.0 1980.0 713.0 0 0 0 0 0.0 0.0 2.0 0.0 0.0 0.0 0 0 0 0 0 0 0.0 0.0 0.0 0.0 0 0 0 0
51648 128 1960.0 255.0 2021.0 803.0 0 0 0 0 0.0 0.0 0.0 0.0 0.0 0.0 0 0 0 0 0 0 0.0 0.0 0.0 0.0 0 0 0 0
51648 128 1894.0 320.0 1877.0 841.0 0 0 0 0 0.0 0.0 0.0 0.0 0.0 0.0 0 0 0 0 0 0 0.0 0.0 0.0 0.0 0 0 0 0
51648 128 1745.0 294.0 2230.0 804.0 0 0 0 0 0.0 0.0 0.0 0.0 0.0 0.0 0 0 0 0 0 0 0.0 0.0 0.0 0.0 0 0 0 0
51648 128 1611.0 327.0 2221.0 878.0 0 0 0 0 0.0 0.0 0.0 0.0 0.0 1.0 0 0 0 0 0 0 0.0 0.0 0.0 0.0 0 0 0 0
51648 128 1747.0 347.0 2280.0 776.0 0 0 0 0 0.0 0.0 0.0 0.0 0.0 0.0 0 0 0 0 0 0 0.0 0.0 0.0 0.0 0 0 0 0
51648 128 1625.0 293.0 2357.0 717.0 0 0 0 0 0.0 0.0 0.0 0.0 0.0 0.0 0 0 0 0 0 0 0.0 0.0 0.0 0.0 0 0 0 0
51648 128 1471.0 303.0 2308.0 711.0 0 0 0 0 0.0 0.0 0.0 0.0 0.0 0.0 0 0 0 0 0 0 0.0 0.0 0.0 0.0 0 0 0 0
51648 128 1426.0 313.0 2483.0 870.0 0 0 0 0 0.0 0.0 0.0 0.0 0.0 0.0 0 0 0 0 0 0 0.0 0.0 0.0 0.0 0 0 0 0
51648 128 1457.0 284.0 2223.0 777.0 0 0 0 0 0.0 0.0 0.0 0.0 0.0 0.0 0 0 0 0 0 0 0.0 0.0 0.0 0.0 0 0 0 0
51648 128 1610.0 312.0 2421.0 783.0 0 0 0 0 0.0 0.0 0.0 0.0 0.0 0.0 0 0 0 0 0 0 0.0 0.0 0.0 0.0 0 0 0 0
51648 128 1543.0 289.0 2254.0 867.0 0 0 0 0 0.0 0.0 0.0 0.0 0.0 0.0 0 0 0 0 0 0 0.0 0.0 0.0 0.0 0 0 0 0
51648 128 1829.0 318.0 2058.0 872.0 0 0 0 0 0.0 0.0 0.0 0.0 0.0 0.0 0 0 0 0 0 0 0.0 0.0 0.0 0.0 0 0 0 0
51648 128 1870.0 258.0 2131.0 855.0 0 0 0 0 0.0 0.0 0.0 0.0 0.0 0.0 0 0 0 0 0 0 0.0 0.0 0.0 0.0 0 0 0 0
51648 128 1911.0 309.0 1867.0 1010.0 0 0 0 0 0.0 0.0 0.0 0.0 0.0 1.0 0 0 0 0 0 0 0.0 0.0 0.0 0.0 0 0 0 0
51648 128 2173.0 297.0 2079.0 942.0 0 0 0 0 0.0 0.0 1.0 0.0 0.0 0.0 0 0 0 0 0 0 0.0 0.0 0.0 0.0 0 0 0 0
51648 128 2084.0 302.0 1936.0 767.0 0 0 0 0 0.0 0.0 0.0 0.0 0.0 0.0 0 0 0 0 0 0 0.0 0.0 0.0 0.0 0 0 0 0
51648 128 2165.0 356.0 1915.0 944.0 0 0 0 0 0.0 0.0 0.0 0.0 0.0 0.0 0 0 0 0 0 0 0.0 0.0 0.0 0.0 0 0 0 0
51648 128 2225.0 334.0 1899.0 833.0 0 0 0 0 0.0 0.0 0.0 0.0 0.0 1.0 0 0 0 0 0 0 0.0 0.0 0.0 0.0 0 0 0 0
51648 128 2272.0 319.0 1747.0 754.0 0 0 0 0 0.0 0.0 0.0 0.0 0.0 0.0 0 0 0 0 0 0 0.0 0.0 0.0 0.0 0 0 0 0
51648 128 2260.0 317.0 1827.0 844.0 0 0 0 0 0.0 0.0 0.0 0.0 0.0 0.0 0 0 0 0 0 0 0.0 0.0 0.0 0.0 0 0 0 0
51648 128 2194.0 348.0 1762.0 663.0 0 0 0 0 0.0 0.0 0.0 0.0 0.0 0.0 0 0 0 0 0 0 0.0 0.0 0.0 0.0 0 0 0 0
51648 128 2169.0 332.0 1951.0 809.0 0 0 0 0 0.0 0.0 0.0 0.0 0.0 0.0 0 0 0 0 0 0 0.0 0.0 0.0 0.0 0 0 0 0
51648 128 2237.0 322.0 1762.0 1080.0 0 0 0 0 0.0 0.0 0.0 0.0 0.0 0.0 0 0 0 0 0 0 0.0 0.0 0.0 0.0 0 0 0 0
51648 128 2380.0 303.0 1719.0 791.0 0 0 0 0 0.0 0.0 1.0 0.0 0.0 0.0 0 0 0 0 0 0 0.0 0.0 0.0 0.0 0 0 0 0
51648 128 2328.0 280.0 1734.0 695.0 0 0 0 0 0.0 0.0 1.0 0.0 0.0 0.0 0 0 0 0 0 0 0.0 0.0 0.0 0.0 0 0 0 0
51648 128 2156.0 302.0 1768.0 776.0 0 0 0 0 0.0 0.0 0.0 0.0 0.0 0.0 0 0 0 0 0 0 0.0 0.0 0.0 0.0 0 0 0 0
51648 128 2102.0 302.0 1954.0 806.0 0 0 0 0 0.0 0.0 0.0 0.0 0.0 0.0 0 0 0 0 0 0 0.0 0.0 0.0 0.0 0 0 0 0
51648 128 2070.0 276.0 1955.0 903.0 0 0 0 0 0.0 0.0 0.0 0.0 0.0 0.0 0 0 0 0 0 0 0.0 0.0 0.0 0.0 0 0 0 0
51648 128 2023.0 273.0 1948.0 991.0 0 0 0 0 0.0 0.0 0.0 0.0 0.0 0.0 0 0 0 0 0 0 0.0 0.0 0.0 0.0 0 0 0 0
51648 128 2064.0 304.0 2021.0 1015.0 0 0 0 0 0.0 0.0 0.0 0.0 0.0 0.0 0 0 0 0 0 0 0.0 0.0 0.0 0.0 0 0 0 0
51648 128 1876.0 281.0 2060.0 786.0 0 0 0 0 0.0 0.0 0.0 0.0 0.0 0.0 0 0 0 0 0 0 0.0 0.0 0.0 0.0 0 0 0 0
51648 128 1875.0 286.0 2156.0 991.0 0 0 0 0 0.0 0.0 0.0 0.0 0.0 0.0 0 0 0 0 0 0 0.0 0.0 0.0 0.0 0 0 0 0
51648 128 1838.0 289.0 2146.0 862.0 0 0 0 0 0.0 0.0 0.0 0.0 0.0 0.0 0 0 0 0 0 0 0.0 0.0 0.0 0.0 0 0 0 0
51648 128 1975.0 292.0 2065.0 692.0 0 0 0 0 0.0 0.0 0.0 0.0 0.0 0.0 0 0 0 0 0 0 0.0 0.0 0.0 0.0 0 0 0 0
51648 128 1943.0 319.0 1969.0 1009.0 0 0 0 0 0.0 0.0 0.0 0.0 0.0 0.0 0 0 0 0 0 0 0.0 0.0 0.0 0.0 0 0 0 0
51648 128 1838.0 328.0 2103.0 868.0 0 0 0 0 0.0 0.0 0.0 0.0 0.0 0.0 0 0 0 0 0 0 0.0 0.0 0.0 0.0 0 0 0 0
51648 128 1807.0 315.0 2283.0 826.0 0 0 0 0 0.0 0.0 0.0 0.0 0.0 0.0 0 0 0 0 0 0 0.0 0.0 0.0 0.0 0 0 0 0
51648 128 1752.0 333.0 1998.0 1147.0 0 0 0 0 0.0 0.0 0.0 0.0 0.0 0.0 0 0 0 0 0 0 0.0 0.0 0.0 0.0 0 0 0 0
51648 128 1745.0 300.0 2298.0 1038.0 0 0 0 0 0.0 0.0 0.0 0.0 0.0 0.0 0 0 0 0 0 0 0.0 0.0 0.0 0.0 0 0 0 0
51648 128 1761.0 355.0 2178.0 905.0 0 0 0 0 0.0 0.0 0.0 0.0 0.0 0.0 0 0 0 0 0 0 0.0 0.0 0.0 0.0 0 0 0 0
51648 128 1710.0 289.0 2184.0 657.0 0 0 0 0 0.0 0.0 0.0 0.0 0.0 0.0 0 0 0 0 0 0 0.0 0.0 0.0 0.0 0 0 0 0
51648 128 1838.0 259.0 2104.0 735.0 0 0 0 0 0.0 0.0 0.0 0.0 0.0 0.0 0 0 0 0 0 0 0.0 0.0 0.0 0.0 0 0 0 0
51648 128 1799.0 262.0 2131.0 877.0 0 0 0 0 0.0 0.0 0.0 0.0 0.0 0.0 0 0 0 0 0 0 0.0 0.0 0.0 0.0 0 0 0 0
51648 128 1862.0 335.0 1906.0 856.0 0 0 0 0 0.0 0.0 0.0 0.0 0.0 0.0 0 0 0 0 0 0 0.0 0.0 0.0 0.0 0 0 0 0
51648 128 1788.0 364.0 2240.0 902.0 0 0 0 0 0.0 0.0 0.0 0.0 0.0 0.0 0 0 0 0 0 0 0.0 0.0 0.0 0.0 0 0 0 0
51648 128 1931.0 275.0 1992.0 883.0 0 0 0 0 0.0 0.0 0.0 0.0 0.0 0.0 0 0 0 0 0 0 0.0 0.0 0.0 0.0 0 0 0 0
51648 128 1832.0 317.0 2095.0 807.0 0 0 0 0 0.0 0.0 0.0 0.0 0.0 0.0 0 0 0 0 0 0 0.0 0.0 0.0 0.0 0 0 0 0
51648 128 1652.0 342.0 2208.0 939.0 0 0 0 0 0.0 0.0 0.0 0.0 0.0 1.0 0 0 0 0 0 0 0.0 0.0 0.0 0.0 0 0 0 0
51648 128 1729.0 321.0 2362.0 1044.0 0 0 0 0 0.0 0.0 0.0 0.0 0.0 0.0 0 0 0 0 0 0 0.0 0.0 0.0 0.0 0 0 0 0
51648 128 1642.0 311.0 2154.0 913.0 0 0 0 0 0.0 0.0 1.0 0.0 0.0 0.0 0 0 0 0 0 0 0.0 0.0 0.0 0.0 0 0 0 0
51648 128 1695.0 304.0 2165.0 1018.0 0 0 0 0 0.0 0.0 0.0 0.0 0.0 0.0 0 0 0 0 0 0 0.0 0.0 0.0 0.0 0 0 0 0
51648 128 1690.0 364.0 2086.0 846.0 0 0 0 0 0.0 1.0 0.0 0.0 0.0 0.0 0 0 0 0 0 0 0.0 0.0 0.0 0.0 0 0 0 0
51648 128 1719.0 357.0 2023.0 845.0 0 0 0 0 0.0 0.0 0.0 0.0 0.0 0.0 0 0 0 0 0 0 0.0 0.0 0.0 0.0 0 0 0 0
51648 128 1722.0 274.0 2164.0 1054.0 0 0 0 0 0.0 0.0 0.0 0.0 0.0 0.0 0 0 0 0 0 0 0.0 0.0 0.0 0.0 0 0 0 0
51648 128 1677.0 355.0 2286.0 682.0 0 0 0 0 0.0 0.0 0.0 0.0 0.0 0.0 0 0 0 0 0 0 0.0 0.0 0.0 0.0 0 0 0 0
51648 128 1616.0 290.0 2203.0 823.0 0 0 0 0 0.0 0.0 0.0 0.0 0.0 0.0 0 0 0 0 0 0 0.0 0.0 0.0 0.0 0 0 0 0
51648 128 1735.0 335.0 2371.0 785.0 0 0 0 0 0.0 0.0 1.0 0.0 0.0 0.0 0 0 0 0 0 0 0.0 0.0 0.0 0.0 0 0 0 0
51648 128 1774.0 251.0 2108.0 670.0 0 0 0 0 0.0 0.0 0.0 0.0 0.0 0.0 0 0 0 0 0 0 0.0 0.0 0.0 0.0 0 0 0 0
51648 128 1802.0 305.0 2261.0 720.0 0 0 0 0 0.0 0.0 0.0 0.0 0.0 0.0 0 0 0 0 0 0 0.0 0.0 0.0 0.0 0 0 0 0
51648 128 1780.0 287.0 2013.0 759.0 0 0 0 0 0.0 0.0 0.0 0.0 0.0 0.0 0 0 0 0 0 0 0.0 0.0 0.0 0.0 0 0 0 0
51648 128 1693.0 314.0 2157.0 977.0 0 0 0 0 0.0 0.0 0.0 0.0 0.0 0.0 0 0 0 0 0 0 0.0 0.0 0.0 0.0 0 0 0 0
51648 128 1586.0 336.0 2222.0 863.0 0 0 0 0 0.0 0.0 0.0 0.0 0.0 0.0 0 0 0 0 0 0 0.0 0.0 0.0 0.0 0 0 0 0
51648 128 1602.0 289.0 2322.0 880.0 0 0 0 0 0.0 0.0 0.0 0.0 0.0 0.0 0 0 0 0 0 0 0.0 0.0 0.0 0.0 0 0 0 0
51648 128 1534.0 297.0 2406.0 876.0 0 0 0 0 0.0 0.0 0.0 0.0 0.0 0.0 0 0 0 0 0 0 0.0 0.0 0.0 0.0 0 0 0 0
51648 128 1461.0 289.0 2325.0 753.0 0 0 0 0 0.0 0.0 0.0 0.0 0.0 0.0 0 0 0 0 0 0 0.0 0.0 0.0 0.0 0 0 0 0
51648 128 1518.0 297.0 2298.0 856.0 0 0 0 0 0.0 0.0 0.0 0.0 0.0 0.0 0 0 0 0 0 0 0.0 0.0 0.0 0.0 0 0 0 0
51648 128 1525.0 313.0 2324.0 789.0 0 0 0 0 0.0 0.0 0.0 0.0 0.0 0.0 0 0 0 0 0 0 0.0 0.0 0.0 0.0 0 0 0 0
51648 128 1437.0 366.0 2250.0 854.0 0 0 0 0 0.0 0.0 0.0 0.0 0.0 0.0 0 0 0 0 0 0 0.0 0.0 0.0 0.0 0 0 0 0
51648 128 1504.0 329.0 2486.0 951.0 0 0 0 0 0.0 0.0 0.0 0.0 0.0 0.0 0 0 0 0 0 0 0.0 0.0 0.0 0.0 0 0 0 0
51648 128 1452.0 291.0 2335.0 764.0 0 0 0 0 0.0 0.0 0.0 0.0 0.0 0.0 0 0 0 0 0 0 0.0 0.0 0.0 0.0 0 0 0 0
51648 128 1590.0 313.0 2347.0 882.0 0 0 0 0 0.0 0.0 0.0 0.0 0.0 0.0 0 0 0 0 0 0 0.0 0.0 0.0 0.0 0 0 0 0
51648 128 1642.0 293.0 2097.0 736.0 0 0 0 0 0.0 1.0 0.0 0.0 0.0 0.0 0 0 0 0 0 0 0.0 0.0 0.0 0.0 0 0 0 0
51648 128 1677.0 268.0 2079.0 871.0 0 0 0 0 0.0 0.0 0.0 0.0 0.0 0.0 0 0 0 0 0 0 0.0 0.0 0.0 0.0 0 0 0 0
51648 128 1790.0 313.0 2044.0 957.0 0 0 0 0 0.0 0.0 0.0 0.0 0.0 0.0 0 0 0 0 0 0 0.0 0.0 0.0 0.0 0 0 0 0
51648 128 1762.0 328.0 2166.0 702.0 0 0 0 0 0.0 0.0 0.0 0.0 0.0 1.0 0 0 0 0 0 0 0.0 0.0 0.0 0.0 0 0 0 0
51648 128 1865.0 321.0 2008.0 813.0 0 0 0 0 0.0 1.0 0.0 0.0 0.0 0.0 0 0 0 0 0 0 0.0 0.0 0.0 0.0 0 0 0 0
51648 128 1894.0 292.0 2267.0 948.0 0 0 0 0 0.0 0.0 0.0 0.0 0.0 0.0 0 0 0 0 0 0 0.0 0.0 0.0 0.0 0 0 0 0
51648 128 1629.0 347.0 2268.0 977.0 0 0 0 0 0.0 0.0 0.0 0.0 0.0 0.0 0 0 0 0 0 0 0.0 0.0 0.0 0.0 0 0 0 0
51648 128 1646.0 252.0 2320.0 827.0 0 0 0 0 0.0 0.0 0.0 0.0 0.0 0.0 0 0 0 0 0 0 0.0 0.0 0.0 0.0 0 0 0 0
51648 128 1718.0 350.0 2290.0 921.0 0 0 0 0 0.0 0.0 0.0 0.0 0.0 0.0 0 0 0 0 0 0 0.0 0.0 0.0 0.0 0 0 0 0
51648 128 1765.0 307.0 2173.0 1018.0 0 0 0 0 0.0 0.0 0.0 0.0 0.0 0.0 0 0 0 0 0 0 0.0 0.0 0.0 0.0 0 0 0 0
51648 128 1808.0 318.0 2092.0 896.0 0 0 0 0 0.0 0.0 0.0 0.0 0.0 0.0 0 0 0 0 0 0 0.0 0.0 0.0 0.0 0 0 0 0
51648 128 1918.0 331.0 1992.0 784.0 0 0 0 0 0.0 0.0 0.0 0.0 0.0 0.0 0 0 0 0 0 0 0.0 0.0 0.0 0.0 0 0 0 0
51648 128 1968.0 312.0 1987.0 840.0 0 0 0 0 0.0 0.0 0.0 0.0 0.0 0.0 0 0 0 0 0 0 0.0 0.0 0.0 0.0 0 0 0 0
51648 128 1969.0 283.0 1827.0 766.0 0 0 0 0 0.0 0.0 0.0 0.0 0.0 0.0 0 0 0 0 0 0 0.0 0.0 0.0 0.0 0 0 0 0
51648 128 2022.0 321.0 1855.0 852.0 0 0 0 0 0.0 0.0 0.0 0.0 0.0 0.0 0 0 0 0 0 0 0.0 0.0 0.0 0.0 0 0 0 0
51648 128 2164.0 297.0 2039.0 908.0 0 0 0 0 0.0 0.0 1.0 0.0 0.0 0.0 0 0 0 0 0 0 0.0 0.0 0.0 0.0 0 0 0 0
51648 128 2043.0 363.0 1811.0 880.0 0 0 0 0 0.0 0.0 0.0 0.0 0.0 0.0 0 0 0 0 0 0 0.0 0.0 0.0 0.0 0 0 0 0
51648 128 2052.0 324.0 1925.0 742.0 0 0 0 0 0.0 0.0 0.0 0.0 0.0 0.0 0 0 0 0 0 0 0.0 0.0 0.0 0.0 0 0 0 0
51648 128 2185.0 332.0 1716.0 873.0 0 0 0 0 0.0 0.0 0.0 0.0 0.0 0.0 0 0 0 0 0 0 0.0 0.0 0.0 0.0 0 0 0 0
51648 128 2284.0 302.0 1767.0 841.0 0 0 0 0 0.0 0.0 0.0 0.0 0.0 0.0 0 0 0 0 0 0 0.0 0.0 0.0 0.0 0 0 0 0
51648 128 2353.0 287.0 1721.0 880.0 0 0 0 0 0.0 0.0 1.0 0.0 0.0 1.0 0 0 0 0 0 0 0.0 0.0 0.0 0.0 0 0 0 0
51648 128 2408.0 308.0 1778.0 843.0 0 0 0 0 0.0 0.0 0.0 0.0 0.0 0.0 0 0 0 0 0 0 0.0 0.0 0.0 0.0 0 0 0 0
51648 128 2419.0 283.0 1629.0 817.0 0 0 0 0 0.0 0.0 0.0 0.0 0.0 0.0 0 0 0 0 0 0 0.0 0.0 0.0 0.0 0 0 0 0
51648 128 2400.0 288.0 1681.0 879.0 0 0 0 0 0.0 0.0 0.0 0.0 0.0 0.0 0 0 0 0 0 0 0.0 0.0 0.0 0.0 0 0 0 0
51648 128 2512.0 346.0 1564.0 721.0 0 0 0 0 0.0 0.0 0.0 0.0 0.0 0.0 0 0 0 0 0 0 0.0 0.0 0.0 0.0 0 0 0 0
51648 128 2413.0 282.0 1694.0 802.0 0 0 0 0 0.0 0.0 0.0 0.0 0.0 0.0 0 0 0 0 0 0 0.0 0.0 0.0 0.0 0 0 0 0
51648 128 2382.0 277.0 1565.0 841.0 0 0 0 0 0.0 0.0 0.0 0.0 0.0 0.0 0 0 0 0 0 0 0.0 0.0 0.0 0.0 0 0 0 0
51648 128 2410.0 320.0 1591.0 654.0 0 0 0 0 0.0 0.0 0.0 0.0 0.0 0.0 0 0 0 0 0 0 0.0 0.0 0.0 0.0 0 0 0 0
51648 128 2332.0 316.0 1510.0 903.0 0 0 0 0 0.0 0.0 0.0 0.0 0.0 0.0 0 0 0 0 0 0 0.0 0.0 0.0 0.0 0 0 0 0
51648 128 2444.0 263.0 1702.0 792.0 0 0 0 0 0.0 0.0 0.0 0.0 0.0 0.0 0 0 0 0 0 0 0.0 0.0 0.0 0.0 0 0 0 0
51648 128 2428.0 331.0 1723.0 830.0 0 0 0 0 0.0 0.0 0.0 0.0 0.0 0.0 0 0 0 0 0 0 0.0 0.0 0.0 0.0 0 0 0 0
51648 128 2432.0 279.0 1722.0 843.0 0 0 0 0 0.0 0.0 0.0 0.0 0.0 0.0 0 0 0 0 0 0 0.0 0.0 0.0 0.0 0 0 0 0
51648 128 2349.0 311.0 1769.0 813.0 0 0 0 0 0.0 0.0 0.0 0.0 0.0 0.0 0 0 0 0 0 0 0.0 0.0 0.0 0.0 0 0 0 0
51648 128 2430.0 321.0 1361.0 935.0 0 0 0 0 0.0 0.0 0.0 0.0 0.0 0.0 0 0 0 0 0 0 0.0 0.0 0.0 0.0 0 0 0 0
51648 128 2338.0 258.0 1546.0 861.0 0 0 0 0 0.0 0.0 0.0 0.0 0.0 0.0 0 0 0 0 0 0 0.0 0.0 0.0 0.0 0 0 0 0
51648 128 2382.0 287.0 1760.0 815.0 0 0 0 0 0.0 0.0 0.0 0.0 0.0 0.0 0 0 0 0 0 0 0.0 0.0 0.0 0.0 0 0 0 0
51648 128 2281.0 313.0 1770.0 953.0 0 0 0 0 0.0 0.0 0.0 0.0 0.0 0.0 0 0 0 0 0 0 0.0 0.0 0.0 0.0 0 0 0 0
51648 128 2217.0 326.0 1825.0 755.0 0 0 0 0 0.0 0.0 1.0 0.0 0.0 0.0 0 0 0 0 0 0 0.0 0.0 0.0 0.0 0 0 0 0
51648 128 2187.0 302.0 1862.0 731.0 0 0 0 0 0.0 0.0 0.0 0.0 0.0 0.0 0 0 0 0 0 0 0.0 0.0 0.0 0.0 0 0 0 0
51648 128 2092.0 327.0 1892.0 651.0 0 0 0 0 0.0 0.0 0.0 0.0 0.0 0.0 0 0 0 0 0 0 0.0 0.0 0.0 0.0 0 0 0 0
51648 128 2042.0 293.0 2037.0 770.0 0 0 0 0 0.0 0.0 0.0 0.0 0.0 0.0 0 0 0 0 0 0 0.0 0.0 0.0 0.0 0 0 0 0
51648 128 2138.0 303.0 1691.0 739.0 0 0 0 0 0.0 0.0 0.0 0.0 0.0 0.0 0 0 0 0 0 0 0.0 0.0 0.0 0.0 0 0 0 0
51648 128 2220.0 505.0 2728.0 1016.0 0 0 0 0 15.0 19.0 70.0 70.0 26.0 19.0 0 0 0 0 0 0 3.0 11.0 6.0 7.0 0 0 0 0
51648 128 2030.0 345.0 1888.0 775.0 0 0 0 0 0.0 0.0 0.0 0.0 0.0 0.0 0 0 0 0 0 0 0.0 0.0 0.0 0.0 0 0 0 0
51648 128 2071.0 273.0 1909.0 831.0 0 0 0 0 0.0 0.0 0.0 0.0 0.0 0.0 0 0 0 0 0 0 0.0 0.0 0.0 0.0 0 0 0 0
51648 128 2139.0 322.0 2043.0 764.0 0 0 0 0 0.0 0.0 0.0 0.0 0.0 0.0 0 0 0 0 0 0 0.0 0.0 0.0 0.0 0 0 0 0
51648 128 2154.0 336.0 1969.0 947.0 0 0 0 0 0.0 0.0 0.0 0.0 0.0 0.0 0 0 0 0 0 0 0.0 0.0 0.0 0.0 0 0 0 0
51648 128 2033.0 338.0 1931.0 846.0 0 0 0 0 0.0 0.0 0.0 0.0 0.0 1.0 0 0 0 0 0 0 0.0 0.0 0.0 0.0 0 0 0 0
51648 128 2016.0 334.0 1932.0 875.0 0 0 0 0 0.0 0.0 0.0 0.0 0.0 0.0 0 0 0 0 0 0 0.0 0.0 0.0 0.0 0 0 0 0
51648 128 1926.0 307.0 1948.0 1029.0 0 0 0 0 0.0 0.0 0.0 0.0 0.0 0.0 0 0 0 0 0 0 0.0 0.0 0.0 0.0 0 0 0 0
51648 128 2000.0 302.0 1931.0 829.0 0 0 0 0 0.0 0.0 0.0 0.0 0.0 0.0 0 0 0 0 0 0 0.0 0.0 0.0 0.0 0 0 0 0
51648 128 1985.0 275.0 1915.0 675.0 0 0 0 0 0.0 0.0 0.0 0.0 0.0 0.0 0 0 0 0 0 0 0.0 0.0 0.0 0.0 0 0 0 0
51648 128 1938.0 291.0 2082.0 935.0 0 0 0 0 0.0 0.0 0.0 0.0 0.0 0.0 0 0 0 0 0 0 0.0 0.0 0.0 0.0 0 0 0 0
51648 128 1953.0 286.0 2018.0 788.0 0 0 0 0 0.0 0.0 0.0 0.0 0.0 0.0 0 0 0 0 0 0 0.0 0.0 0.0 0.0 0 0 0 0
51648 128 1927.0 315.0 2057.0 780.0 0 0 0 0 0.0 0.0 0.0 0.0 0.0 0.0 0 0 0 0 0 0 0.0 0.0 0.0 0.0 0 0 0 0
51648 128 1948.0 319.0 2224.0 780.0 0 0 0 0 0.0 0.0 0.0 0.0 0.0 0.0 0 0 0 0 0 0 0.0 0.0 0.0 0.0 0 0 0 0
51648 128 1890.0 264.0 2050.0 708.0 0 0 0 0 0.0 0.0 0.0 0.0 0.0 0.0 0 0 0 0 0 0 0.0 0.0 0.0 0.0 0 0 0 0
51648 128 1886.0 351.0 2150.0 782.0 0 0 0 0 0.0 0.0 0.0 0.0 0.0 0.0 0 0 0 0 0 0 0.0 0.0 0.0 0.0 0 0 0 0
51648 128 1780.0 266.0 2189.0 837.0 0 0 0 0 0.0 0.0 0.0 0.0 0.0 0.0 0 0 0 0 0 0 0.0 0.0 0.0 0.0 0 0 0 0
51648 128 1741.0 357.0 2128.0 1065.0 0 0 0 0 0.0 0.0 0.0 0.0 0.0 0.0 0 0 0 0 0 0 0.0 0.0 0.0 0.0 0 0 0 0
51648 128 1806.0 276.0 2010.0 783.0 0 0 0 0 0.0 0.0 0.0 0.0 0.0 0.0 0 0 0 0 0 0 0.0 0.0 0.0 0.0 0 0 0 0
51648 128 1862.0 308.0 1976.0 806.0 0 0 0 0 0.0 0.0 0.0 0.0 0.0 0.0 0 0 0 0 0 0 0.0 0.0 0.0 0.0 0 0 0 0
51648 128 1899.0 329.0 2083.0 858.0 0 0 0 0 0.0 0.0 1.0 0.0 0.0 0.0 0 0 0 0 0 0 0.0 0.0 0.0 0.0 0 0 0 0
51648 128 1895.0 309.0 2171.0 728.0 0 0 0 0 0.0 0.0 0.0 0.0 0.0 0.0 0 0 0 0 0 0 0.0 0.0 0.0 0.0 0 0 0 0
51648 128 1866.0 346.0 1965.0 850.0 0 0 0 0 0.0 0.0 0.0 0.0 0.0 0.0 0 0 0 0 0 0 0.0 0.0 0.0 0.0 0 0 0 0
51648 128 1927.0 280.0 2090.0 737.0 0 0 0 0 0.0 0.0 0.0 0.0 0.0 0.0 0 0 0 0 0 0 0.0 0.0 0.0 0.0 0 0 0 0
51648 128 1903.0 313.0 2151.0 779.0 0 0 0 0 0.0 0.0 0.0 0.0 0.0 0.0 0 0 0 0 0 0 0.0 0.0 0.0 0.0 0 0 0 0
51648 128 1983.0 282.0 2168.0 633.0 0 0 0 0 0.0 0.0 0.0 0.0 0.0 0.0 0 0 0 0 0 0 0.0 0.0 0.0 0.0 0 0 0 0
51648 128 1976.0 284.0 1959.0 890.0 0 0 0 0 0.0 0.0 0.0 0.0 0.0 0.0 0 0 0 0 0 0 0.0 0.0 0.0 0.0 0 0 0 0
51648 128 1928.0 364.0 1958.0 892.0 0 0 0 0 0.0 0.0 0.0 0.0 0.0 0.0 0 0 0 0 0 0 0.0 0.0 0.0 0.0 0 0 0 0
51648 128 1928.0 253.0 1954.0 720.0 0 0 0 0 0.0 0.0 1.0 0.0 0.0 0.0 0 0 0 0 0 0 0.0 0.0 0.0 0.0 0 0 0 0
51648 128 1919.0 299.0 1967.0 964.0 0 0 0 0 0.0 0.0 0.0 0.0 0.0 0.0 0 0 0 0 0 0 0.0 0.0 0.0 0.0 0 0 0 0
51648 128 2029.0 284.0 1961.0 842.0 0 0 0 0 0.0 0.0 0.0 0.0 0.0 0.0 0 0 0 0 0 0 0.0 0.0 0.0 0.0 0 0 0 0
51648 128 1994.0 365.0 2001.0 954.0 0 0 0 0 0.0 0.0 0.0 0.0 0.0 0.0 0 0 0 0 0 0 0.0 0.0 0.0 0.0 0 0 0 0
51648 128 1878.0 285.0 2020.0 930.0 0 0 0 0 0.0 0.0 0.0 0.0 0.0 0.0 0 0 0 0 0 0 0.0 0.0 0.0 0.0 0 0 0 0
51648 128 1921.0 324.0 2125.0 942.0 0 0 0 0 0.0 0.0 0.0 0.0 0.0 0.0 0 0 0 0 0 0 0.0 0.0 0.0 0.0 0 0 0 0
51648 128 1908.0 342.0 2085.0 835.0 0 0 0 0 0.0 0.0 0.0 0.0 0.0 1.0 0 0 0 0 0 0 0.0 0.0 0.0 0.0 0 0 0 0
51648 128 1987.0 285.0 2147.0 644.0 0 0 0 0 0.0 0.0 0.0 0.0 0.0 0.0 0 0 0 0 0 0 0.0 0.0 0.0 0.0 0 0 0 0
51648 128 1972.0 303.0 1921.0 814.0 0 0 0 0 0.0 0.0 1.0 0.0 0.0 0.0 0 0 0 0 0 0 0.0 0.0 0.0 0.0 0 0 0 0
51648 128 1877.0 295.0 1929.0 844.0 0 0 0 0 0.0 0.0 1.0 0.0 0.0 1.0 0 0 0 0 0 0 0.0 0.0 0.0 0.0 0 0 0 0
51648 128 1875.0 329.0 2028.0 969.0 0 0 0 0 0.0 0.0 0.0 0.0 0.0 0.0 0 0 0 0 0 0 0.0 0.0 0.0 0.0 0 0 0 0
51648 128 1756.0 303.0 2163.0 822.0 0 0 0 0 0.0 0.0 0.0 0.0 0.0 0.0 0 0 0 0 0 0 0.0 0.0 0.0 0.0 0 0 0 0
51648 128 1731.0 305.0 2305.0 678.0 0 0 0 0 0.0 0.0 0.0 0.0 0.0 1.0 0 0 0 0 0 0 0.0 0.0 0.0 0.0 0 0 0 0
51648 128 1729.0 321.0 2016.0 952.0 0 0 0 0 0.0 0.0 0.0 0.0 0.0 0.0 0 0 0 0 0 0 0.0 0.0 0.0 0.0 0 0 0 0
51648 128 1677.0 289.0 2210.0 1121.0 0 0 0 0 0.0 0.0 0.0 0.0 0.0 0.0 0 0 0 0 0 0 0.0 0.0 0.0 0.0 0 0 0 0
51648 128 1747.0 292.0 2139.0 845.0 0 0 0 0 0.0 0.0 0.0 0.0 0.0 0.0 0 0 0 0 0 0 0.0 0.0 0.0 0.0 0 0 0 0
51648 128 1868.0 310.0 2153.0 765.0 0 0 0 0 0.0 0.0 0.0 0.0 0.0 0.0 0 0 0 0 0 0 0.0 0.0 0.0 0.0 0 0 0 0
51648 128 2017.0 247.0 1887.0 1033.0 0 0 0 0 0.0 0.0 0.0 0.0 0.0 1.0 0 0 0 0 0 0 0.0 0.0 0.0 0.0 0 0 0 0
51648 128 2162.0 311.0 1890.0 811.0 0 0 0 0 0.0 0.0 0.0 0.0 0.0 0.0 0 0 0 0 0 0 0.0 0.0 0.0 0.0 0 0 0 0
51648 128 2108.0 341.0 1796.0 769.0 0 0 0 0 0.0 0.0 0.0 0.0 0.0 0.0 0 0 0 0 0 0 0.0 0.0 0.0 0.0 0 0 0 0
51648 128 2259.0 325.0 1867.0 730.0 0 0 0 0 0.0 0.0 0.0 0.0 0.0 1.0 0 0 0 0 0 0 0.0 0.0 0.0 0.0 0 0 0 0
51648 128 2363.0 338.0 1616.0 837.0 0 0 0 0 0.0 0.0 1.0 0.0 0.0 0.0 0 0 0 0 0 0 0.0 0.0 0.0 0.0 0 0 0 0
51648 128 2391.0 293.0 1573.0 948.0 0 0 0 0 0.0 0.0 0.0 0.0 0.0 0.0 0 0 0 0 0 0 0.0 0.0 0.0 0.0 0 0 0 0
51648 128 2453.0 371.0 1508.0 898.0 0 0 0 0 0.0 0.0 0.0 0.0 0.0 0.0 0 0 0 0 0 0 0.0 0.0 0.0 0.0 0 0 0 0
51648 128 2407.0 315.0 1745.0 941.0 0 0 0 0 0.0 0.0 0.0 0.0 0.0 0.0 0 0 0 0 0 0 0.0 0.0 0.0 0.0 0 0 0 0
51648 128 2390.0 355.0 1715.0 815.0 0 0 0 0 0.0 0.0 0.0 0.0 0.0 0.0 0 0 0 0 0 0 0.0 0.0 0.0 0.0 0 0 0 0
51648 128 2433.0 336.0 1575.0 931.0 0 0 0 0 0.0 0.0 0.0 0.0 0.0 0.0 0 0 0 0 0 0 0.0 0.0 0.0 0.0 0 0 0 0
51648 128 2384.0 294.0 1642.0 709.0 0 0 0 0 0.0 0.0 0.0 0.0 0.0 0.0 0 0 0 0 0 0 0.0 0.0 0.0 0.0 0 0 0 0
51648 128 2312.0 285.0 1660.0 762.0 0 0 0 0 0.0 0.0 0.0 0.0 0.0 0.0 0 0 0 0 0 0 0.0 0.0 0.0 0.0 0 0 0 0
51648 128 2332.0 286.0 1670.0 645.0 0 0 0 0 0.0 0.0 1.0 0.0 0.0 0.0 0 0 0 0 0 0 0.0 0.0 0.0 0.0 0 0 0 0
51648 128 2207.0 313.0 1829.0 883.0 0 0 0 0 0.0 0.0 0.0 0.0 0.0 0.0 0 0 0 0 0 0 0.0 0.0 0.0 0.0 0 0 0 0
51648 128 2318.0 266.0 1789.0 794.0 0 0 0 0 0.0 0.0 0.0 0.0 0.0 0.0 0 0 0 0 0 0 0.0 0.0 0.0 0.0 0 0 0 0
51648 128 2396.0 276.0 1771.0 741.0 0 0 0 0 0.0 0.0 1.0 0.0 0.0 0.0 0 0 0 0 0 0 0.0 0.0 0.0 0.0 0 0 0 0
51648 128 2272.0 303.0 1697.0 830.0 0 0 0 0 0.0 0.0 1.0 0.0 0.0 0.0 0 0 0 0 0 0 0.0 0.0 0.0 0.0 0 0 0 0
51648 128 2338.0 356.0 1794.0 757.0 0 0 0 0 0.0 1.0 0.0 0.0 0.0 0.0 0 0 0 0 0 0 0.0 0.0 0.0 0.0 0 0 0 0
51648 128 2329.0 235.0 1736.0 756.0 0 0 0 0 0.0 0.0 0.0 0.0 0.0 0.0 0 0 0 0 0 0 0.0 0.0 0.0 0.0 0 0 0 0
51648 128 2345.0 361.0 1841.0 884.0 0 0 0 0 0.0 0.0 1.0 0.0 0.0 0.0 0 0 0 0 0 0 0.0 0.0 0.0 0.0 0 0 0 0
51648 128 2196.0 386.0 1778.0 771.0 0 0 0 0 0.0 0.0 0.0 0.0 0.0 0.0 0 0 0 0 0 0 0.0 0.0 0.0 0.0 0 0 0 0
51648 128 2186.0 246.0 1749.0 658.0 0 0 0 0 0.0 0.0 0.0 0.0 0.0 0.0 0 0 0 0 0 0 0.0 0.0 0.0 0.0 0 0 0 0
51648 128 2229.0 334.0 1674.0 706.0 0 0 0 0 0.0 0.0 0.0 0.0 0.0 1.0 0 0 0 0 0 0 0.0 0.0 0.0 0.0 0 0 0 0
51648 128 2263.0 315.0 1865.0 799.0 0 0 0 0 0.0 0.0 1.0 0.0 0.0 0.0 0 0 0 0 0 0 0.0 0.0 0.0 0.0 0 0 0 0
51648 128 2168.0 283.0 1842.0 745.0 0 0 0 0 0.0 0.0 0.0 0.0 0.0 1.0 0 0 0 0 0 0 0.0 0.0 0.0 0.0 0 0 0 0
51648 128 2106.0 293.0 1759.0 693.0 0 0 0 0 0.0 0.0 1.0 0.0 0.0 0.0 0 0 0 0 0 0 0.0 0.0 0.0 0.0 0 0 0 0
51648 128 2075.0 312.0 1929.0 799.0 0 0 0 0 0.0 0.0 0.0 0.0 0.0 0.0 0 0 0 0 0 0 0.0 0.0 0.0 0.0 0 0 0 0
51648 128 2157.0 323.0 1875.0 890.0 0 0 0 0 0.0 0.0 0.0 0.0 0.0 0.0 0 0 0 0 0 0 0.0 0.0 0.0 0.0 0 0 0 0
51648 128 2120.0 311.0 1899.0 794.0 0 0 0 0 0.0 0.0 0.0 0.0 0.0 0.0 0 0 0 0 0 0 0.0 0.0 0.0 0.0 0 0 0 0
51648 128 2142.0 335.0 1955.0 865.0 0 0 0 0 0.0 0.0 0.0 0.0 0.0 0.0 0 0 0 0 0 0 0.0 0.0 0.0 0.0 0 0 0 0
51648 128 2130.0 293.0 2011.0 828.0 0 0 0 0 0.0 0.0 0.0 0.0 0.0 0.0 0 0 0 0 0 0 0.0 0.0 0.0 0.0 0 0 0 0
51648 128 2146.0 319.0 1940.0 916.0 0 0 0 0 0.0 1.0 0.0 0.0 0.0 0.0 0 0 0 0 0 0 0.0 0.0 0.0 0.0 0 0 0 0
51648 128 2061.0 292.0 2060.0 865.0 0 0 0 0 0.0 0.0 0.0 0.0 0.0 0.0 0 0 0 0 0 0 0.0 0.0 0.0 0.0 0 0 0 0
51648 128 2131.0 341.0 2099.0 782.0 0 0 0 0 0.0 0.0 0.0 0.0 0.0 0.0 0 0 0 0 0 0 0.0 0.0 0.0 0.0 0 0 0 0
51648 128 2193.0 284.0 2040.0 775.0 0 0 0 0 0.0 0.0 0.0 0.0 0.0 0.0 0 0 0 0 0 0 0.0 0.0 0.0 0.0 0 0 0 0
51648 128 2174.0 328.0 1823.0 818.0 0 0 0 0 0.0 0.0 0.0 0.0 0.0 0.0 0 0 0 0 0 0 0.0 0.0 0.0 0.0 0 0 0 0
51648 128 2053.0 290.0 2081.0 961.0 0 0 0 0 0.0 0.0 0.0 0.0 0.0 0.0 0 0 0 0 0 0 0.0 0.0 0.0 0.0 0 0 0 0
51648 128 2186.0 303.0 1858.0 785.0 0 0 0 0 0.0 0.0 0.0 0.0 0.0 0.0 0 0 0 0 0 0 0.0 0.0 0.0 0.0 0 0 0 0
51648 128 2039.0 298.0 2032.0 773.0 0 0 0 0 0.0 0.0 0.0 0.0 0.0 0.0 0 0 0 0 0 0 0.0 0.0 0.0 0.0 0 0 0 0
51648 128 2034.0 317.0 1949.0 834.0 0 0 0 0 0.0 0.0 1.0 0.0 0.0 0.0 0 0 0 0 0 0 0.0 0.0 0.0 0.0 0 0 0 0
51648 128 2066.0 308.0 1952.0 831.0 0 0 0 0 0.0 0.0 0.0 0.0 0.0 0.0 0 0 0 0 0 0 0.0 0.0 0.0 0.0 0 0 0 0
51648 128 2071.0 321.0 1920.0 874.0 0 0 0 0 0.0 0.0 0.0 0.0 0.0 0.0 0 0 0 0 0 0 0.0 0.0 0.0 0.0 0 0 0 0
51648 128 2045.0 328.0 1982.0 858.0 0 0 0 0 0.0 0.0 1.0 0.0 0.0 0.0 0 0 0 0 0 0 0.0 0.0 0.0 0.0 0 0 0 0
51648 128 2135.0 303.0 1885.0 803.0 0 0 0 0 0.0 0.0 0.0 0.0 0.0 0.0 0 0 0 0 0 0 0.0 0.0 0.0 0.0 0 0 0 0
51648 128 2137.0 280.0 1883.0 795.0 0 0 0 0 0.0 0.0 0.0 0.0 0.0 0.0 0 0 0 0 0 0 0.0 0.0 0.0 0.0 0 0 0 0
51648 128 2118.0 307.0 1910.0 658.0 0 0 0 0 0.0 0.0 0.0 0.0 0.0 0.0 0 0 0 0 0 0 0.0 0.0 0.0 0.0 0 0 0 0
51648 128 2129.0 276.0 1734.0 1022.0 0 0 0 0 0.0 0.0 0.0 0.0 0.0 0.0 0 0 0 0 0 0 0.0 0.0 0.0 0.0 0 0 0 0
51648 128 2200.0 261.0 1678.0 937.0 0 0 0 0 0.0 0.0 0.0 0.0 0.0 0.0 0 0 0 0 0 0 0.0 0.0 0.0 0.0 0 0 0 0
51648 128 2040.0 300.0 1928.0 760.0 0 0 0 0 0.0 0.0 0.0 0.0 0.0 0.0 0 0 0 0 0 0 0.0 0.0 0.0 0.0 0 0 0 0
51648 128 2160.0 317.0 1960.0 977.0 0 0 0 0 0.0 0.0 0.0 0.0 0.0 0.0 0 0 0 0 0 0 0.0 0.0 0.0 0.0 0 0 0 0
51648 128 2089.0 296.0 1892.0 717.0 0 0 0 0 0.0 0.0 0.0 0.0 0.0 0.0 0 0 0 0 0 0 0.0 0.0 0.0 0.0 0 0 0 0
51648 128 2174.0 334.0 1967.0 894.0 0 0 0 0 0.0 0.0 0.0 0.0 0.0 1.0 0 0 0 0 0 0 0.0 0.0 0.0 0.0 0 0 0 0
51648 128 2158.0 299.0 1792.0 739.0 0 0 0 0 0.0 0.0 0.0 0.0 0.0 0.0 0 0 0 0 0 0 0.0 0.0 0.0 0.0 0 0 0 0
51648 128 2241.0 292.0 1771.0 753.0 0 0 0 0 0.0 0.0 0.0 0.0 0.0 0.0 0 0 0 0 0 0 0.0 0.0 0.0 0.0 0 0 0 0
51648 128 2173.0 315.0 1860.0 843.0 0 0 0 0 0.0 0.0 0.0 0.0 0.0 0.0 0 0 0 0 0 0 0.0 0.0 0.0 0.0 0 0 0 0
51648 128 2174.0 302.0 1868.0 724.0 0 0 0 0 0.0 0.0 0.0 0.0 0.0 0.0 0 0 0 0 0 0 0.0 0.0 0.0 0.0 0 0 0 0
51648 128 2118.0 323.0 1953.0 858.0 0 0 0 0 0.0 0.0 0.0 0.0 0.0 0.0 0 0 0 0 0 0 0.0 0.0 0.0 0.0 0 0 0 0
51648 128 2129.0 324.0 1955.0 731.0 0 0 0 0 0.0 0.0 0.0 0.0 0.0 0.0 0 0 0 0 0 0 0.0 0.0 0.0 0.0 0 0 0 0
51648 128 2275.0 311.0 1975.0 612.0 0 0 0 0 0.0 0.0 0.0 0.0 0.0 0.0 0 0 0 0 0 0 0.0 0.0 0.0 0.0 0 0 0 0
51648 128 2244.0 310.0 1855.0 1011.0 0 0 0 0 0.0 0.0 1.0 0.0 0.0 0.0 0 0 0 0 0 0 0.0 0.0 0.0 0.0 0 0 0 0
51648 128 2260.0 310.0 1709.0 940.0 0 0 0 0 0.0 0.0 0.0 0.0 0.0 0.0 0 0 0 0 0 0 0.0 0.0 0.0 0.0 0 0 0 0
51648 128 2088.0 341.0 1890.0 995.0 0 0 0 0 0.0 0.0 0.0 0.0 0.0 0.0 0 0 0 0 0 0 0.0 0.0 0.0 0.0 0 0 0 0
51648 128 2203.0 277.0 1787.0 815.0 0 0 0 0 0.0 0.0 0.0 0.0 0.0 0.0 0 0 0 0 0 0 0.0 0.0 0.0 0.0 0 0 0 0
51648 128 2059.0 295.0 1981.0 911.0 0 0 0 0 0.0 0.0 0.0 0.0 0.0 0.0 0 0 0 0 0 0 0.0 0.0 0.0 0.0 0 0 0 0
51648 128 2193.0 341.0 1856.0 982.0 0 0 0 0 0.0 0.0 0.0 0.0 0.0 0.0 0 0 0 0 0 0 0.0 0.0 0.0 0.0 0 0 0 0
51648 128 2239.0 336.0 1801.0 853.0 0 0 0 0 0.0 0.0 0.0 0.0 0.0 0.0 0 0 0 0 0 0 0.0 0.0 0.0 0.0 0 0 0 0
51648 128 2232.0 296.0 1899.0 1005.0 0 0 0 0 0.0 0.0 0.0 0.0 0.0 0.0 0 0 0 0 0 0 0.0 0.0 0.0 0.0 0 0 0 0
51648 128 2139.0 349.0 1805.0 859.0 0 0 0 0 0.0 0.0 0.0 0.0 0.0 0.0 0 0 0 0 0 0 0.0 0.0 0.0 0.0 0 0 0 0
51648 128 2161.0 275.0 1804.0 873.0 0 0 0 0 0.0 0.0 0.0 0.0 0.0 0.0 0 0 0 0 0 0 0.0 0.0 0.0 0.0 0 0 0 0
51648 128 2180.0 305.0 1915.0 720.0 0 0 0 0 0.0 0.0 0.0 0.0 0.0 0.0 0 0 0 0 0 0 0.0 0.0 0.0 0.0 0 0 0 0
51648 128 2079.0 290.0 1789.0 703.0 0 0 0 0 0.0 0.0 0.0 0.0 0.0 0.0 0 0 0 0 0 0 0.0 0.0 0.0 0.0 0 0 0 0
51648 128 2152.0 282.0 1913.0 1153.0 0 0 0 0 0.0 0.0 0.0 0.0 0.0 0.0 0 0 0 0 0 0 0.0 0.0 0.0 0.0 0 0 0 0
51648 128 2048.0 292.0 1754.0 667.0 0 0 0 0 0.0 0.0 0.0 0.0 0.0 0.0 0 0 0 0 0 0 0.0 0.0 0.0 0.0 0 0 0 0
51648 128 2218.0 328.0 1606.0 847.0 0 0 0 0 0.0 0.0 1.0 0.0 0.0 0.0 0 0 0 0 0 0 0.0 0.0 0.0 0.0 0 0 0 0
51648 128 2244.0 308.0 1841.0 738.0 0 0 0 0 0.0 0.0 1.0 0.0 0.0 0.0 0 0 0 0 0 0 0.0 0.0 0.0 0.0 0 0 0 0
51648 128 2316.0 265.0 1823.0 672.0 0 0 0 0 0.0 0.0 0.0 0.0 0.0 1.0 0 0 0 0 0 0 0.0 0.0 0.0 0.0 0 0 0 0
51648 128 2190.0 296.0 1971.0 754.0 0 0 0 0 0.0 0.0 0.0 0.0 0.0 0.0 0 0 0 0 0 0 0.0 0.0 0.0 0.0 0 0 0 0
51648 128 2043.0 298.0 1894.0 881.0 0 0 0 0 0.0 0.0 0.0 0.0 0.0 0.0 0 0 0 0 0 0 0.0 0.0 0.0 0.0 0 0 0 0
51648 128 2099.0 328.0 1863.0 869.0 0 0 0 0 0.0 0.0 0.0 0.0 0.0 0.0 0 0 0 0 0 0 0.0 0.0 0.0 0.0 0 0 0 0
51648 128 2038.0 288.0 1929.0 879.0 0 0 0 0 0.0 0.0 0.0 0.0 0.0 0.0 0 0 0 0 0 0 0.0 0.0 0.0 0.0 0 0 0 0
51648 128 2018.0 305.0 1956.0 806.0 0 0 0 0 0.0 0.0 0.0 0.0 0.0 0.0 0 0 0 0 0 0 0.0 0.0 0.0 0.0 0 0 0 0
51648 128 1899.0 319.0 2027.0 794.0 0 0 0 0 0.0 0.0 0.0 0.0 0.0 0.0 0 0 0 0 0 0 0.0 0.0 0.0 0.0 0 0 0 0
51648 128 1845.0 316.0 1788.0 1000.0 0 0 0 0 0.0 0.0 0.0 0.0 0.0 0.0 0 0 0 0 0 0 0.0 0.0 0.0 0.0 0 0 0 0
51648 128 1763.0 296.0 2102.0 806.0 0 0 0 0 0.0 0.0 1.0 0.0 0.0 0.0 0 0 0 0 0 0 0.0 0.0 0.0 0.0 0 0 0 0
51648 128 1736.0 283.0 2194.0 722.0 0 0 0 0 0.0 0.0 0.0 0.0 0.0 0.0 0 0 0 0 0 0 0.0 0.0 0.0 0.0 0 0 0 0
51648 128 1452.0 286.0 2428.0 934.0 0 0 0 0 0.0 0.0 0.0 0.0 0.0 0.0 0 0 0 0 0 0 0.0 0.0 0.0 0.0 0 0 0 0
51648 128 1518.0 276.0 2472.0 806.0 0 0 0 0 0.0 0.0 0.0 0.0 0.0 0.0 0 0 0 0 0 0 0.0 0.0 0.0 0.0 0 0 0 0
51648 128 1482.0 283.0 2380.0 729.0 0 0 0 0 0.0 0.0 0.0 0.0 0.0 0.0 0 0 0 0 0 0 0.0 0.0 0.0 0.0 0 0 0 0
51648 128 1611.0 357.0 2260.0 895.0 0 0 0 0 0.0 0.0 0.0 0.0 0.0 0.0 0 0 0 0 0 0 0.0 0.0 0.0 0.0 0 0 0 0
51648 128 1578.0 291.0 2365.0 827.0 0 0 0 0 0.0 0.0 1.0 0.0 0.0 0.0 0 0 0 0 0 0 0.0 0.0 0.0 0.0 0 0 0 0
51648 128 1606.0 280.0 2318.0 872.0 0 0 0 0 0.0 0.0 0.0 0.0 0.0 0.0 0 0 0 0 0 0 0.0 0.0 0.0 0.0 0 0 0 0
51648 128 1703.0 337.0 2356.0 814.0 0 0 0 0 0.0 0.0 0.0 0.0 0.0 0.0 0 0 0 0 0 0 0.0 0.0 0.0 0.0 0 0 0 0
51648 128 1754.0 296.0 2256.0 676.0 0 0 0 0 0.0 0.0 0.0 0.0 0.0 0.0 0 0 0 0 0 0 0.0 0.0 0.0 0.0 0 0 0 0
51648 128 1839.0 297.0 2125.0 876.0 0 0 0 0 0.0 0.0 0.0 0.0 0.0 0.0 0 0 0 0 0 0 0.0 0.0 0.0 0.0 0 0 0 0
51648 128 1775.0 297.0 1940.0 838.0 0 0 0 0 0.0 0.0 0.0 0.0 0.0 0.0 0 0 0 0 0 0 0.0 0.0 0.0 0.0 0 0 0 0
51648 128 1786.0 291.0 2100.0 774.0 0 0 0 0 0.0 0.0 0.0 0.0 0.0 0.0 0 0 0 0 0 0 0.0 0.0 0.0 0.0 0 0 0 0
51648 128 1856.0 315.0 2181.0 851.0 0 0 0 0 0.0 0.0 0.0 0.0 0.0 0.0 0 0 0 0 0 0 0.0 0.0 0.0 0.0 0 0 0 0
51648 128 1698.0 319.0 2097.0 791.0 0 0 0 0 0.0 0.0 1.0 0.0 0.0 0.0 0 0 0 0 0 0 0.0 0.0 0.0 0.0 0 0 0 0
51648 128 1880.0 290.0 2042.0 907.0 0 0 0 0 0.0 0.0 0.0 0.0 0.0 0.0 0 0 0 0 0 0 0.0 0.0 0.0 0.0 0 0 0 0
51648 128 1893.0 308.0 2060.0 910.0 0 0 0 0 0.0 0.0 0.0 0.0 0.0 0.0 0 0 0 0 0 0 0.0 0.0 0.0 0.0 0 0 0 0
51648 128 2027.0 287.0 1920.0 756.0 0 0 0 0 0.0 0.0 0.0 0.0 0.0 0.0 0 0 0 0 0 0 0.0 0.0 0.0 0.0 0 0 0 0
51648 128 2069.0 294.0 1891.0 813.0 0 0 0 0 0.0 0.0 0.0 0.0 0.0 0.0 0 0 0 0 0 0 0.0 0.0 0.0 0.0 0 0 0 0
51648 128 2123.0 312.0 1827.0 911.0 0 0 0 0 0.0 0.0 1.0 0.0 0.0 1.0 0 0 0 0 0 0 0.0 0.0 0.0 0.0 0 0 0 0
51648 128 2118.0 308.0 1774.0 872.0 0 0 0 0 0.0 0.0 0.0 0.0 0.0 0.0 0 0 0 0 0 0 0.0 0.0 0.0 0.0 0 0 0 0
51648 128 1956.0 336.0 1766.0 708.0 0 0 0 0 0.0 0.0 0.0 0.0 0.0 0.0 0 0 0 0 0 0 0.0 0.0 0.0 0.0 0 0 0 0
51648 128 2050.0 326.0 1906.0 662.0 0 0 0 0 0.0 0.0 0.0 0.0 0.0 0.0 0 0 0 0 0 0 0.0 0.0 0.0 0.0 0 0 0 0
51648 128 2061.0 338.0 2125.0 812.0 0 0 0 0 0.0 0.0 0.0 0.0 0.0 0.0 0 0 0 0 0 0 0.0 0.0 0.0 0.0 0 0 0 0
51648 128 1927.0 273.0 2062.0 707.0 0 0 0 0 0.0 0.0 0.0 0.0 0.0 0.0 0 0 0 0 0 0 0.0 0.0 0.0 0.0 0 0 0 0
51648 128 1885.0 345.0 1951.0 699.0 0 0 0 0 0.0 0.0 0.0 0.0 0.0 0.0 0 0 0 0 0 0 0.0 0.0 0.0 0.0 0 0 0 0
51648 128 1870.0 329.0 2021.0 887.0 0 0 0 0 0.0 0.0 0.0 0.0 0.0 0.0 0 0 0 0 0 0 0.0 0.0 0.0 0.0 0 0 0 0
51648 128 2010.0 261.0 1977.0 783.0 0 0 0 0 0.0 0.0 0.0 0.0 0.0 0.0 0 0 0 0 0 0 0.0 0.0 0.0 0.0 0 0 0 0
51648 128 1982.0 309.0 1856.0 771.0 0 0 0 0 0.0 0.0 0.0 0.0 0.0 0.0 0 0 0 0 0 0 0.0 0.0 0.0 0.0 0 0 0 0
51648 128 1892.0 295.0 2019.0 847.0 0 0 0 0 0.0 0.0 1.0 0.0 0.0 0.0 0 0 0 0 0 0 0.0 0.0 0.0 0.0 0 0 0 0
51648 128 2061.0 273.0 2077.0 839.0 0 0 0 0 0.0 0.0 0.0 0.0 0.0 0.0 0 0 0 0 0 0 0.0 0.0 0.0 0.0 0 0 0 0
51648 128 2085.0 277.0 1869.0 655.0 0 0 0 0 0.0 0.0 0.0 0.0 0.0 0.0 0 0 0 0 0 0 0.0 0.0 0.0 0.0 0 0 0 0
51648 128 2080.0 333.0 2083.0 780.0 0 0 0 0 0.0 0.0 0.0 0.0 0.0 0.0 0 0 0 0 0 0 0.0 0.0 0.0 0.0 0 0 0 0
51648 128 2071.0 274.0 1892.0 760.0 0 0 0 0 0.0 0.0 1.0 0.0 0.0 0.0 0 0 0 0 0 0 0.0 0.0 0.0 0.0 0 0 0 0
51648 128 2059.0 299.0 1727.0 826.0 0 0 0 0 0.0 1.0 0.0 0.0 0.0 0.0 0 0 0 0 0 0 0.0 0.0 0.0 0.0 0 0 0 0
51648 128 2164.0 314.0 2001.0 717.0 0 0 0 0 0.0 0.0 0.0 0.0 0.0 0.0 0 0 0 0 0 0 0.0 0.0 0.0 0.0 0 0 0 0
51648 128 2153.0 320.0 1771.0 696.0 0 0 0 0 0.0 0.0 0.0 0.0 0.0 0.0 0 0 0 0 0 0 0.0 0.0 0.0 0.0 0 0 0 0
51648 128 2159.0 306.0 1712.0 795.0 0 0 0 0 0.0 0.0 0.0 0.0 0.0 0.0 0 0 0 0 0 0 0.0 0.0 0.0 0.0 0 0 0 0
51648 128 2268.0 343.0 1722.0 901.0 0 0 0 0 0.0 0.0 0.0 0.0 0.0 0.0 0 0 0 0 0 0 0.0 0.0 0.0 0.0 0 0 0 0
51648 128 2302.0 308.0 1680.0 738.0 0 0 0 0 0.0 0.0 0.0 0.0 0.0 0.0 0 0 0 0 0 0 0.0 0.0 0.0 0.0 0 0 0 0
51648 128 2320.0 343.0 1708.0 923.0 0 0 0 0 0.0 0.0 0.0 0.0 0.0 1.0 0 0 0 0 0 0 0.0 0.0 0.0 0.0 0 0 0 0
51648 128 2274.0 298.0 1763.0 816.0 0 0 0 0 0.0 0.0 0.0 0.0 0.0 0.0 0 0 0 0 0 0 0.0 0.0 0.0 0.0 0 0 0 0
51648 128 2385.0 290.0 1679.0 972.0 0 0 0 0 0.0 0.0 0.0 0.0 0.0 0.0 0 0 0 0 0 0 0.0 0.0 0.0 0.0 0 0 0 0
51648 128 2243.0 330.0 1776.0 913.0 0 0 0 0 0.0 0.0 0.0 0.0 0.0 0.0 0 0 0 0 0 0 0.0 0.0 0.0 0.0 0 0 0 0
51648 128 2207.0 288.0 1632.0 791.0 0 0 0 0 0.0 0.0 0.0 0.0 0.0 0.0 0 0 0 0 0 0 0.0 0.0 0.0 0.0 0 0 0 0
51648 128 2109.0 332.0 1809.0 855.0 0 0 0 0 0.0 0.0 0.0 0.0 0.0 0.0 0 0 0 0 0 0 0.0 0.0 0.0 0.0 0 0 0 0
51648 128 1960.0 344.0 1838.0 775.0 0 0 0 0 0.0 0.0 0.0 0.0 0.0 0.0 0 0 0 0 0 0 0.0 0.0 0.0 0.0 0 0 0 0
51648 128 2057.0 286.0 1968.0 772.0 0 0 0 0 0.0 0.0 0.0 0.0 0.0 1.0 0 0 0 0 0 0 0.0 0.0 0.0 0.0 0 0 0 0
51648 128 1925.0 282.0 1846.0 765.0 0 0 0 0 0.0 0.0 0.0 0.0 0.0 0.0 0 0 0 0 0 0 0.0 0.0 0.0 0.0 0 0 0 0
51648 128 2003.0 329.0 2005.0 751.0 0 0 0 0 0.0 0.0 0.0 0.0 0.0 0.0 0 0 0 0 0 0 0.0 0.0 0.0 0.0 0 0 0 0
51648 128 2014.0 279.0 1771.0 975.0 0 0 0 0 0.0 0.0 0.0 0.0 0.0 0.0 0 0 0 0 0 0 0.0 0.0 0.0 0.0 0 0 0 0
51648 128 1922.0 310.0 2045.0 788.0 0 0 0 0 0.0 0.0 0.0 0.0 0.0 0.0 0 0 0 0 0 0 0.0 0.0 0.0 0.0 0 0 0 0
51648 128 1830.0 280.0 2070.0 804.0 0 0 0 0 0.0 0.0 1.0 0.0 0.0 0.0 0 0 0 0 0 0 0.0 0.0 0.0 0.0 0 0 0 0
51648 128 1832.0 297.0 2056.0 865.0 0 0 0 0 0.0 0.0 0.0 0.0 0.0 0.0 0 0 0 0 0 0 0.0 0.0 0.0 0.0 0 0 0 0
51648 128 1842.0 346.0 2178.0 792.0 0 0 0 0 0.0 0.0 1.0 0.0 0.0 0.0 0 0 0 0 0 0 0.0 0.0 0.0 0.0 0 0 0 0
51648 128 1714.0 346.0 2267.0 796.0 0 0 0 0 0.0 0.0 0.0 0.0 0.0 0.0 0 0 0 0 0 0 0.0 0.0 0.0 0.0 0 0 0 0
51648 128 1768.0 372.0 2144.0 843.0 0 0 0 0 0.0 0.0 0.0 0.0 0.0 0.0 0 0 0 0 0 0 0.0 0.0 0.0 0.0 0 0 0 0
51648 128 1821.0 287.0 2138.0 797.0 0 0 0 0 0.0 0.0 0.0 0.0 0.0 0.0 0 0 0 0 0 0 0.0 0.0 0.0 0.0 0 0 0 0
51648 128 1913.0 340.0 2040.0 711.0 0 0 0 0 0.0 0.0 0.0 0.0 0.0 0.0 0 0 0 0 0 0 0.0 0.0 0.0 0.0 0 0 0 0
51648 128 1902.0 314.0 2031.0 734.0 0 0 0 0 0.0 0.0 0.0 0.0 0.0 0.0 0 0 0 0 0 0 0.0 0.0 0.0 0.0 0 0 0 0
51648 128 1818.0 301.0 2214.0 916.0 0 0 0 0 0.0 0.0 0.0 0.0 0.0 0.0 0 0 0 0 0 0 0.0 0.0 0.0 0.0 0 0 0 0
51648 128 1878.0 339.0 2208.0 695.0 0 0 0 0 0.0 0.0 0.0 0.0 0.0 0.0 0 0 0 0 0 0 0.0 0.0 0.0 0.0 0 0 0 0
51648 128 1872.0 297.0 2050.0 642.0 0 0 0 0 0.0 0.0 0.0 0.0 0.0 0.0 0 0 0 0 0 0 0.0 0.0 0.0 0.0 0 0 0 0
51648 128 1908.0 344.0 2007.0 939.0 0 0 0 0 0.0 0.0 0.0 0.0 0.0 1.0 0 0 0 0 0 0 0.0 0.0 0.0 0.0 0 0 0 0
51648 128 1934.0 317.0 2041.0 832.0 0 0 0 0 0.0 0.0 0.0 0.0 0.0 0.0 0 0 0 0 0 0 0.0 0.0 0.0 0.0 0 0 0 0
51648 128 1955.0 276.0 1988.0 810.0 0 0 0 0 0.0 0.0 0.0 0.0 0.0 0.0 0 0 0 0 0 0 0.0 0.0 0.0 0.0 0 0 0 0
51648 128 1746.0 337.0 2143.0 845.0 0 0 0 0 0.0 0.0 0.0 0.0 0.0 1.0 0 0 0 0 0 0 0.0 0.0 0.0 0.0 0 0 0 0
51648 128 1874.0 320.0 2143.0 819.0 0 0 0 0 0.0 0.0 1.0 0.0 0.0 0.0 0 0 0 0 0 0 0.0 0.0 0.0 0.0 0 0 0 0
51648 128 1840.0 286.0 2164.0 812.0 0 0 0 0 0.0 0.0 0.0 0.0 0.0 0.0 0 0 0 0 0 0 0.0 0.0 0.0 0.0 0 0 0 0
51648 128 1907.0 268.0 2116.0 900.0 0 0 0 0 0.0 0.0 0.0 0.0 0.0 0.0 0 0 0 0 0 0 0.0 0.0 0.0 0.0 0 0 0 0
