coincidence_window [ps] = 500
capture_duration [sec] = 1.0
dark_capture_duration = 0.0
no_of_rep = 100
--------------------------------------------------------------------------------
step ustep rate1 rate2 rate3 rate4 dark1 dark2 dark3 dark4 rate12 rate13 rate14 rate23 rate24 rate34 dark12 dark13 dark14 dark23 dark24 dark34 rate123 rate124 rate134 rate234 dark123 dark124 dark1340 0 2119.0 392.0 1383.0 1845.0 0 0 0 0 0.0 0.0 0.0 0.0 0.0 0.0 0 0 0 0 0 0 0.0 0.0 0.0 0.0 0 0 0 0
0 0 2035.0 409.0 1376.0 2093.0 0 0 0 0 0.0 0.0 0.0 0.0 0.0 0.0 0 0 0 0 0 0 0.0 0.0 0.0 0.0 0 0 0 0
0 0 2059.0 398.0 1496.0 2033.0 0 0 0 0 0.0 0.0 0.0 0.0 0.0 0.0 0 0 0 0 0 0 0.0 0.0 0.0 0.0 0 0 0 0
0 0 2057.0 423.0 1489.0 2019.0 0 0 0 0 0.0 0.0 0.0 0.0 0.0 0.0 0 0 0 0 0 0 0.0 0.0 0.0 0.0 0 0 0 0
0 0 2028.0 413.0 1323.0 1944.0 0 0 0 0 0.0 1.0 0.0 0.0 0.0 0.0 0 0 0 0 0 0 0.0 0.0 0.0 0.0 0 0 0 0
0 0 2005.0 365.0 1421.0 2223.0 0 0 0 0 0.0 0.0 0.0 0.0 0.0 1.0 0 0 0 0 0 0 0.0 0.0 0.0 0.0 0 0 0 0
0 0 2017.0 425.0 1227.0 2168.0 0 0 0 0 0.0 0.0 0.0 0.0 0.0 0.0 0 0 0 0 0 0 0.0 0.0 0.0 0.0 0 0 0 0
0 0 2072.0 390.0 1343.0 2044.0 0 0 0 0 0.0 1.0 0.0 0.0 0.0 0.0 0 0 0 0 0 0 0.0 0.0 0.0 0.0 0 0 0 0
0 0 2050.0 379.0 1625.0 2082.0 0 0 0 0 0.0 0.0 1.0 0.0 0.0 0.0 0 0 0 0 0 0 0.0 0.0 0.0 0.0 0 0 0 0
0 0 2081.0 415.0 1283.0 2042.0 0 0 0 0 0.0 0.0 0.0 0.0 0.0 0.0 0 0 0 0 0 0 0.0 0.0 0.0 0.0 0 0 0 0
0 0 2107.0 408.0 1135.0 1968.0 0 0 0 0 0.0 0.0 0.0 0.0 0.0 0.0 0 0 0 0 0 0 0.0 0.0 0.0 0.0 0 0 0 0
0 0 2056.0 382.0 1299.0 2089.0 0 0 0 0 0.0 0.0 0.0 0.0 0.0 0.0 0 0 0 0 0 0 0.0 0.0 0.0 0.0 0 0 0 0
0 0 2078.0 359.0 1378.0 1851.0 0 0 0 0 0.0 0.0 0.0 0.0 0.0 0.0 0 0 0 0 0 0 0.0 0.0 0.0 0.0 0 0 0 0
0 0 2028.0 363.0 1226.0 2022.0 0 0 0 0 0.0 0.0 0.0 0.0 0.0 0.0 0 0 0 0 0 0 0.0 0.0 0.0 0.0 0 0 0 0
0 0 2080.0 418.0 1549.0 1998.0 0 0 0 0 0.0 0.0 0.0 0.0 0.0 0.0 0 0 0 0 0 0 0.0 0.0 0.0 0.0 0 0 0 0
0 0 2018.0 386.0 1408.0 2139.0 0 0 0 0 0.0 0.0 1.0 0.0 0.0 0.0 0 0 0 0 0 0 0.0 0.0 0.0 0.0 0 0 0 0
0 0 1980.0 421.0 1322.0 1941.0 0 0 0 0 0.0 0.0 0.0 0.0 0.0 0.0 0 0 0 0 0 0 0.0 0.0 0.0 0.0 0 0 0 0
0 0 2008.0 380.0 1367.0 2228.0 0 0 0 0 0.0 0.0 0.0 0.0 0.0 0.0 0 0 0 0 0 0 0.0 0.0 0.0 0.0 0 0 0 0
0 0 1986.0 462.0 1515.0 2166.0 0 0 0 0 0.0 0.0 0.0 0.0 0.0 0.0 0 0 0 0 0 0 0.0 0.0 0.0 0.0 0 0 0 0
0 0 2064.0 452.0 1215.0 1804.0 0 0 0 0 0.0 0.0 0.0 0.0 0.0 0.0 0 0 0 0 0 0 0.0 0.0 0.0 0.0 0 0 0 0
0 0 2024.0 426.0 1176.0 2237.0 0 0 0 0 0.0 0.0 0.0 0.0 0.0 0.0 0 0 0 0 0 0 0.0 0.0 0.0 0.0 0 0 0 0
0 0 2046.0 411.0 1272.0 2121.0 0 0 0 0 0.0 0.0 0.0 0.0 0.0 0.0 0 0 0 0 0 0 0.0 0.0 0.0 0.0 0 0 0 0
0 0 1962.0 413.0 1478.0 1946.0 0 0 0 0 0.0 0.0 0.0 0.0 0.0 0.0 0 0 0 0 0 0 0.0 0.0 0.0 0.0 0 0 0 0
0 0 2005.0 393.0 1312.0 2079.0 0 0 0 0 0.0 0.0 1.0 0.0 0.0 0.0 0 0 0 0 0 0 0.0 0.0 0.0 0.0 0 0 0 0
0 0 1980.0 412.0 1380.0 2014.0 0 0 0 0 0.0 1.0 1.0 0.0 0.0 0.0 0 0 0 0 0 0 0.0 0.0 0.0 0.0 0 0 0 0
0 0 1976.0 404.0 1406.0 2075.0 0 0 0 0 0.0 1.0 1.0 0.0 0.0 0.0 0 0 0 0 0 0 0.0 0.0 0.0 0.0 0 0 0 0
0 0 2020.0 398.0 1325.0 2007.0 0 0 0 0 0.0 0.0 0.0 0.0 0.0 0.0 0 0 0 0 0 0 0.0 0.0 0.0 0.0 0 0 0 0
0 0 2003.0 422.0 1542.0 2078.0 0 0 0 0 0.0 0.0 0.0 0.0 0.0 0.0 0 0 0 0 0 0 0.0 0.0 0.0 0.0 0 0 0 0
0 0 2051.0 432.0 1405.0 1860.0 0 0 0 0 0.0 0.0 2.0 0.0 0.0 0.0 0 0 0 0 0 0 0.0 0.0 0.0 0.0 0 0 0 0
0 0 2069.0 397.0 1254.0 2023.0 0 0 0 0 0.0 0.0 1.0 0.0 0.0 0.0 0 0 0 0 0 0 0.0 0.0 0.0 0.0 0 0 0 0
0 0 1981.0 387.0 1470.0 2179.0 0 0 0 0 0.0 0.0 0.0 0.0 0.0 0.0 0 0 0 0 0 0 0.0 0.0 0.0 0.0 0 0 0 0
0 0 1954.0 401.0 1413.0 1895.0 0 0 0 0 0.0 0.0 0.0 0.0 0.0 0.0 0 0 0 0 0 0 0.0 0.0 0.0 0.0 0 0 0 0
0 0 2047.0 443.0 1450.0 2003.0 0 0 0 0 0.0 0.0 0.0 0.0 0.0 0.0 0 0 0 0 0 0 0.0 0.0 0.0 0.0 0 0 0 0
0 0 2120.0 466.0 1476.0 1953.0 0 0 0 0 0.0 0.0 1.0 0.0 0.0 0.0 0 0 0 0 0 0 0.0 0.0 0.0 0.0 0 0 0 0
0 0 2162.0 396.0 1397.0 2019.0 0 0 0 0 0.0 0.0 0.0 0.0 0.0 0.0 0 0 0 0 0 0 0.0 0.0 0.0 0.0 0 0 0 0
0 0 2038.0 360.0 1266.0 1892.0 0 0 0 0 0.0 0.0 0.0 0.0 0.0 0.0 0 0 0 0 0 0 0.0 0.0 0.0 0.0 0 0 0 0
0 0 2115.0 400.0 1257.0 1929.0 0 0 0 0 0.0 0.0 0.0 0.0 0.0 0.0 0 0 0 0 0 0 0.0 0.0 0.0 0.0 0 0 0 0
0 0 2037.0 374.0 1282.0 1966.0 0 0 0 0 0.0 0.0 0.0 0.0 0.0 0.0 0 0 0 0 0 0 0.0 0.0 0.0 0.0 0 0 0 0
0 0 2001.0 348.0 1339.0 2034.0 0 0 0 0 0.0 0.0 1.0 0.0 0.0 0.0 0 0 0 0 0 0 0.0 0.0 0.0 0.0 0 0 0 0
0 0 2020.0 350.0 1405.0 1969.0 0 0 0 0 0.0 0.0 0.0 0.0 0.0 0.0 0 0 0 0 0 0 0.0 0.0 0.0 0.0 0 0 0 0
0 0 2025.0 393.0 1270.0 1969.0 0 0 0 0 0.0 0.0 0.0 0.0 0.0 1.0 0 0 0 0 0 0 0.0 0.0 0.0 0.0 0 0 0 0
0 0 2051.0 446.0 1305.0 1869.0 0 0 0 0 0.0 0.0 0.0 0.0 0.0 0.0 0 0 0 0 0 0 0.0 0.0 0.0 0.0 0 0 0 0
0 0 2049.0 432.0 1488.0 2168.0 0 0 0 0 0.0 0.0 1.0 0.0 0.0 0.0 0 0 0 0 0 0 0.0 0.0 0.0 0.0 0 0 0 0
0 0 1982.0 372.0 1351.0 1835.0 0 0 0 0 0.0 1.0 1.0 0.0 0.0 0.0 0 0 0 0 0 0 0.0 0.0 0.0 0.0 0 0 0 0
0 0 2054.0 413.0 1349.0 1976.0 0 0 0 0 0.0 0.0 0.0 0.0 0.0 0.0 0 0 0 0 0 0 0.0 0.0 0.0 0.0 0 0 0 0
0 0 2010.0 317.0 1420.0 2064.0 0 0 0 0 0.0 0.0 0.0 0.0 0.0 0.0 0 0 0 0 0 0 0.0 0.0 0.0 0.0 0 0 0 0
0 0 2073.0 388.0 1173.0 1988.0 0 0 0 0 0.0 0.0 1.0 0.0 0.0 0.0 0 0 0 0 0 0 0.0 0.0 0.0 0.0 0 0 0 0
0 0 2020.0 366.0 1305.0 1803.0 0 0 0 0 0.0 0.0 1.0 0.0 0.0 0.0 0 0 0 0 0 0 0.0 0.0 0.0 0.0 0 0 0 0
0 0 2071.0 387.0 1286.0 2157.0 0 0 0 0 0.0 0.0 1.0 0.0 0.0 0.0 0 0 0 0 0 0 0.0 0.0 0.0 0.0 0 0 0 0
0 0 2012.0 391.0 1315.0 2036.0 0 0 0 0 0.0 0.0 0.0 0.0 0.0 0.0 0 0 0 0 0 0 0.0 0.0 0.0 0.0 0 0 0 0
0 0 2037.0 400.0 1268.0 2122.0 0 0 0 0 0.0 0.0 0.0 0.0 0.0 0.0 0 0 0 0 0 0 0.0 0.0 0.0 0.0 0 0 0 0
0 0 1977.0 432.0 1446.0 1916.0 0 0 0 0 0.0 0.0 0.0 0.0 0.0 0.0 0 0 0 0 0 0 0.0 0.0 0.0 0.0 0 0 0 0
0 0 2059.0 392.0 1269.0 2001.0 0 0 0 0 0.0 0.0 0.0 0.0 0.0 1.0 0 0 0 0 0 0 0.0 0.0 0.0 0.0 0 0 0 0
0 0 2073.0 389.0 1257.0 1987.0 0 0 0 0 0.0 0.0 0.0 0.0 0.0 0.0 0 0 0 0 0 0 0.0 0.0 0.0 0.0 0 0 0 0
0 0 1990.0 428.0 1284.0 1963.0 0 0 0 0 0.0 0.0 0.0 0.0 0.0 0.0 0 0 0 0 0 0 0.0 0.0 0.0 0.0 0 0 0 0
0 0 1952.0 404.0 1357.0 1957.0 0 0 0 0 0.0 0.0 0.0 0.0 0.0 0.0 0 0 0 0 0 0 0.0 0.0 0.0 0.0 0 0 0 0
0 0 2032.0 381.0 1222.0 1983.0 0 0 0 0 0.0 0.0 0.0 0.0 0.0 0.0 0 0 0 0 0 0 0.0 0.0 0.0 0.0 0 0 0 0
0 0 2031.0 436.0 1376.0 2080.0 0 0 0 0 0.0 0.0 1.0 0.0 0.0 0.0 0 0 0 0 0 0 0.0 0.0 0.0 0.0 0 0 0 0
0 0 2009.0 392.0 1331.0 1978.0 0 0 0 0 0.0 0.0 0.0 0.0 0.0 0.0 0 0 0 0 0 0 0.0 0.0 0.0 0.0 0 0 0 0
0 0 2002.0 412.0 1367.0 2120.0 0 0 0 0 0.0 0.0 1.0 0.0 0.0 0.0 0 0 0 0 0 0 0.0 0.0 0.0 0.0 0 0 0 0
0 0 1972.0 419.0 1343.0 1941.0 0 0 0 0 0.0 0.0 0.0 0.0 0.0 0.0 0 0 0 0 0 0 0.0 0.0 0.0 0.0 0 0 0 0
0 0 2141.0 445.0 1377.0 2028.0 0 0 0 0 0.0 0.0 0.0 0.0 0.0 0.0 0 0 0 0 0 0 0.0 0.0 0.0 0.0 0 0 0 0
0 0 1960.0 419.0 1336.0 1961.0 0 0 0 0 0.0 0.0 0.0 0.0 0.0 0.0 0 0 0 0 0 0 0.0 0.0 0.0 0.0 0 0 0 0
0 0 2105.0 422.0 1250.0 2010.0 0 0 0 0 0.0 0.0 0.0 0.0 0.0 0.0 0 0 0 0 0 0 0.0 0.0 0.0 0.0 0 0 0 0
0 0 1975.0 412.0 1080.0 1935.0 0 0 0 0 0.0 0.0 1.0 0.0 0.0 0.0 0 0 0 0 0 0 0.0 0.0 0.0 0.0 0 0 0 0
0 0 2023.0 414.0 1437.0 1851.0 0 0 0 0 0.0 0.0 0.0 0.0 0.0 0.0 0 0 0 0 0 0 0.0 0.0 0.0 0.0 0 0 0 0
0 0 1964.0 423.0 1336.0 1892.0 0 0 0 0 0.0 0.0 0.0 0.0 0.0 0.0 0 0 0 0 0 0 0.0 0.0 0.0 0.0 0 0 0 0
0 0 2034.0 408.0 1397.0 1962.0 0 0 0 0 0.0 0.0 0.0 0.0 0.0 0.0 0 0 0 0 0 0 0.0 0.0 0.0 0.0 0 0 0 0
0 0 2028.0 442.0 1640.0 1851.0 0 0 0 0 0.0 0.0 0.0 0.0 0.0 0.0 0 0 0 0 0 0 0.0 0.0 0.0 0.0 0 0 0 0
0 0 2140.0 383.0 1414.0 2153.0 0 0 0 0 0.0 0.0 0.0 0.0 0.0 0.0 0 0 0 0 0 0 0.0 0.0 0.0 0.0 0 0 0 0
0 0 2073.0 437.0 1679.0 1939.0 0 0 0 0 0.0 0.0 0.0 0.0 0.0 0.0 0 0 0 0 0 0 0.0 0.0 0.0 0.0 0 0 0 0
0 0 2046.0 392.0 1321.0 2037.0 0 0 0 0 0.0 0.0 0.0 0.0 0.0 0.0 0 0 0 0 0 0 0.0 0.0 0.0 0.0 0 0 0 0
0 0 2053.0 379.0 1478.0 1887.0 0 0 0 0 0.0 0.0 0.0 0.0 0.0 0.0 0 0 0 0 0 0 0.0 0.0 0.0 0.0 0 0 0 0
0 0 2074.0 420.0 1566.0 2133.0 0 0 0 0 0.0 0.0 1.0 0.0 0.0 0.0 0 0 0 0 0 0 0.0 0.0 0.0 0.0 0 0 0 0
0 0 1907.0 349.0 1398.0 2213.0 0 0 0 0 0.0 0.0 0.0 0.0 0.0 0.0 0 0 0 0 0 0 0.0 0.0 0.0 0.0 0 0 0 0
0 0 1964.0 447.0 1573.0 1964.0 0 0 0 0 0.0 0.0 0.0 0.0 0.0 1.0 0 0 0 0 0 0 0.0 0.0 0.0 0.0 0 0 0 0
0 0 2091.0 395.0 1560.0 2111.0 0 0 0 0 0.0 0.0 0.0 0.0 0.0 0.0 0 0 0 0 0 0 0.0 0.0 0.0 0.0 0 0 0 0
0 0 2116.0 405.0 1495.0 2086.0 0 0 0 0 0.0 0.0 0.0 0.0 0.0 0.0 0 0 0 0 0 0 0.0 0.0 0.0 0.0 0 0 0 0
0 0 1971.0 433.0 1386.0 2147.0 0 0 0 0 0.0 0.0 1.0 0.0 0.0 0.0 0 0 0 0 0 0 0.0 0.0 0.0 0.0 0 0 0 0
0 0 2040.0 432.0 1432.0 2021.0 0 0 0 0 0.0 1.0 0.0 0.0 0.0 0.0 0 0 0 0 0 0 0.0 0.0 0.0 0.0 0 0 0 0
0 0 2042.0 414.0 1601.0 2046.0 0 0 0 0 0.0 0.0 1.0 0.0 0.0 0.0 0 0 0 0 0 0 0.0 0.0 0.0 0.0 0 0 0 0
0 0 2030.0 405.0 1740.0 2000.0 0 0 0 0 0.0 0.0 0.0 0.0 0.0 1.0 0 0 0 0 0 0 0.0 0.0 0.0 0.0 0 0 0 0
0 0 1959.0 423.0 1301.0 1916.0 0 0 0 0 0.0 0.0 0.0 0.0 0.0 0.0 0 0 0 0 0 0 0.0 0.0 0.0 0.0 0 0 0 0
0 0 2015.0 368.0 1429.0 2125.0 0 0 0 0 0.0 0.0 1.0 0.0 0.0 0.0 0 0 0 0 0 0 0.0 0.0 0.0 0.0 0 0 0 0
0 0 2088.0 436.0 1510.0 1971.0 0 0 0 0 0.0 0.0 0.0 0.0 0.0 0.0 0 0 0 0 0 0 0.0 0.0 0.0 0.0 0 0 0 0
0 0 2002.0 447.0 1407.0 1931.0 0 0 0 0 0.0 0.0 0.0 0.0 0.0 0.0 0 0 0 0 0 0 0.0 0.0 0.0 0.0 0 0 0 0
0 0 2011.0 381.0 1523.0 1932.0 0 0 0 0 0.0 0.0 0.0 0.0 0.0 1.0 0 0 0 0 0 0 0.0 0.0 0.0 0.0 0 0 0 0
0 0 2032.0 405.0 1601.0 2024.0 0 0 0 0 0.0 0.0 0.0 0.0 0.0 0.0 0 0 0 0 0 0 0.0 0.0 0.0 0.0 0 0 0 0
0 0 2029.0 401.0 1707.0 2213.0 0 0 0 0 0.0 0.0 0.0 0.0 0.0 0.0 0 0 0 0 0 0 0.0 0.0 0.0 0.0 0 0 0 0
0 0 2053.0 398.0 1267.0 2005.0 0 0 0 0 0.0 0.0 0.0 0.0 0.0 0.0 0 0 0 0 0 0 0.0 0.0 0.0 0.0 0 0 0 0
0 0 1986.0 422.0 1420.0 1835.0 0 0 0 0 0.0 0.0 0.0 0.0 0.0 0.0 0 0 0 0 0 0 0.0 0.0 0.0 0.0 0 0 0 0
0 0 2111.0 430.0 1512.0 1836.0 0 0 0 0 0.0 0.0 1.0 0.0 0.0 0.0 0 0 0 0 0 0 0.0 0.0 0.0 0.0 0 0 0 0
0 0 2021.0 416.0 1607.0 2015.0 0 0 0 0 0.0 0.0 0.0 0.0 0.0 0.0 0 0 0 0 0 0 0.0 0.0 0.0 0.0 0 0 0 0
0 0 1994.0 405.0 1385.0 2033.0 0 0 0 0 0.0 0.0 0.0 0.0 0.0 0.0 0 0 0 0 0 0 0.0 0.0 0.0 0.0 0 0 0 0
0 0 2054.0 411.0 1508.0 2056.0 0 0 0 0 0.0 0.0 1.0 0.0 0.0 0.0 0 0 0 0 0 0 0.0 0.0 0.0 0.0 0 0 0 0
0 0 2013.0 435.0 1603.0 2029.0 0 0 0 0 0.0 0.0 0.0 0.0 0.0 1.0 0 0 0 0 0 0 0.0 0.0 0.0 0.0 0 0 0 0
0 0 2029.0 427.0 1439.0 2097.0 0 0 0 0 0.0 0.0 0.0 0.0 0.0 0.0 0 0 0 0 0 0 0.0 0.0 0.0 0.0 0 0 0 0
0 0 2047.0 420.0 1420.0 2054.0 0 0 0 0 0.0 0.0 0.0 0.0 0.0 0.0 0 0 0 0 0 0 0.0 0.0 0.0 0.0 0 0 0 0
0 0 1999.0 504.0 1482.0 2085.0 0 0 0 0 0.0 0.0 0.0 0.0 0.0 0.0 0 0 0 0 0 0 0.0 0.0 0.0 0.0 0 0 0 0
0 0 1974.0 446.0 1564.0 1905.0 0 0 0 0 0.0 0.0 0.0 0.0 0.0 1.0 0 0 0 0 0 0 0.0 0.0 0.0 0.0 0 0 0 0
0 0 2064.0 418.0 1571.0 1985.0 0 0 0 0 0.0 0.0 0.0 0.0 0.0 0.0 0 0 0 0 0 0 0.0 0.0 0.0 0.0 0 0 0 0
0 0 2033.0 424.0 1717.0 1971.0 0 0 0 0 0.0 0.0 0.0 0.0 0.0 0.0 0 0 0 0 0 0 0.0 0.0 0.0 0.0 0 0 0 0
0 0 2097.0 484.0 1379.0 1958.0 0 0 0 0 0.0 0.0 0.0 0.0 0.0 0.0 0 0 0 0 0 0 0.0 0.0 0.0 0.0 0 0 0 0
0 0 1972.0 450.0 1620.0 1971.0 0 0 0 0 0.0 0.0 0.0 0.0 0.0 0.0 0 0 0 0 0 0 0.0 0.0 0.0 0.0 0 0 0 0
0 0 1970.0 371.0 1499.0 1994.0 0 0 0 0 0.0 0.0 0.0 0.0 0.0 0.0 0 0 0 0 0 0 0.0 0.0 0.0 0.0 0 0 0 0
0 0 2064.0 366.0 1558.0 1974.0 0 0 0 0 0.0 0.0 0.0 0.0 0.0 0.0 0 0 0 0 0 0 0.0 0.0 0.0 0.0 0 0 0 0
0 0 2062.0 392.0 1658.0 1907.0 0 0 0 0 0.0 0.0 0.0 0.0 0.0 0.0 0 0 0 0 0 0 0.0 0.0 0.0 0.0 0 0 0 0
0 0 2015.0 418.0 1600.0 1965.0 0 0 0 0 0.0 0.0 0.0 0.0 0.0 0.0 0 0 0 0 0 0 0.0 0.0 0.0 0.0 0 0 0 0
0 0 2085.0 368.0 1511.0 1915.0 0 0 0 0 0.0 0.0 0.0 0.0 0.0 0.0 0 0 0 0 0 0 0.0 0.0 0.0 0.0 0 0 0 0
0 0 2179.0 315.0 1615.0 1926.0 0 0 0 0 0.0 1.0 0.0 0.0 0.0 0.0 0 0 0 0 0 0 0.0 0.0 0.0 0.0 0 0 0 0
0 0 2072.0 425.0 1492.0 1936.0 0 0 0 0 0.0 0.0 1.0 0.0 0.0 0.0 0 0 0 0 0 0 0.0 0.0 0.0 0.0 0 0 0 0
0 0 2172.0 343.0 1608.0 2120.0 0 0 0 0 0.0 0.0 0.0 0.0 0.0 0.0 0 0 0 0 0 0 0.0 0.0 0.0 0.0 0 0 0 0
0 0 2102.0 422.0 1474.0 2021.0 0 0 0 0 0.0 0.0 0.0 0.0 0.0 0.0 0 0 0 0 0 0 0.0 0.0 0.0 0.0 0 0 0 0
0 0 2149.0 399.0 1449.0 2026.0 0 0 0 0 0.0 0.0 0.0 0.0 0.0 0.0 0 0 0 0 0 0 0.0 0.0 0.0 0.0 0 0 0 0
0 0 2134.0 392.0 1564.0 2002.0 0 0 0 0 0.0 0.0 0.0 0.0 0.0 1.0 0 0 0 0 0 0 0.0 0.0 0.0 0.0 0 0 0 0
0 0 2195.0 444.0 1483.0 1906.0 0 0 0 0 0.0 0.0 0.0 0.0 0.0 0.0 0 0 0 0 0 0 0.0 0.0 0.0 0.0 0 0 0 0
0 0 2035.0 419.0 1511.0 2029.0 0 0 0 0 0.0 0.0 1.0 0.0 0.0 0.0 0 0 0 0 0 0 0.0 0.0 0.0 0.0 0 0 0 0
0 0 2035.0 479.0 1593.0 1767.0 0 0 0 0 0.0 2.0 0.0 0.0 0.0 0.0 0 0 0 0 0 0 0.0 0.0 0.0 0.0 0 0 0 0
0 0 2073.0 407.0 1422.0 1919.0 0 0 0 0 0.0 0.0 1.0 0.0 0.0 0.0 0 0 0 0 0 0 0.0 0.0 0.0 0.0 0 0 0 0
0 0 2142.0 455.0 1534.0 1937.0 0 0 0 0 0.0 0.0 0.0 0.0 0.0 0.0 0 0 0 0 0 0 0.0 0.0 0.0 0.0 0 0 0 0
0 0 2079.0 400.0 1713.0 1916.0 0 0 0 0 0.0 0.0 0.0 0.0 0.0 0.0 0 0 0 0 0 0 0.0 0.0 0.0 0.0 0 0 0 0
0 0 2097.0 443.0 1316.0 2133.0 0 0 0 0 0.0 1.0 0.0 0.0 0.0 0.0 0 0 0 0 0 0 0.0 0.0 0.0 0.0 0 0 0 0
0 0 2136.0 403.0 1521.0 2063.0 0 0 0 0 0.0 0.0 0.0 0.0 0.0 0.0 0 0 0 0 0 0 0.0 0.0 0.0 0.0 0 0 0 0
0 0 1994.0 497.0 1528.0 1846.0 0 0 0 0 0.0 0.0 0.0 0.0 0.0 0.0 0 0 0 0 0 0 0.0 0.0 0.0 0.0 0 0 0 0
0 0 2160.0 393.0 1454.0 2054.0 0 0 0 0 0.0 0.0 0.0 0.0 0.0 0.0 0 0 0 0 0 0 0.0 0.0 0.0 0.0 0 0 0 0
0 0 2088.0 407.0 1404.0 1973.0 0 0 0 0 0.0 0.0 0.0 0.0 0.0 0.0 0 0 0 0 0 0 0.0 0.0 0.0 0.0 0 0 0 0
0 0 2059.0 386.0 1360.0 1904.0 0 0 0 0 0.0 0.0 1.0 0.0 0.0 0.0 0 0 0 0 0 0 0.0 0.0 0.0 0.0 0 0 0 0
0 0 2126.0 398.0 1651.0 1923.0 0 0 0 0 0.0 0.0 0.0 0.0 0.0 0.0 0 0 0 0 0 0 0.0 0.0 0.0 0.0 0 0 0 0
0 0 2049.0 422.0 1529.0 1959.0 0 0 0 0 0.0 0.0 0.0 0.0 0.0 0.0 0 0 0 0 0 0 0.0 0.0 0.0 0.0 0 0 0 0
0 0 2185.0 355.0 1702.0 2116.0 0 0 0 0 0.0 0.0 0.0 0.0 0.0 0.0 0 0 0 0 0 0 0.0 0.0 0.0 0.0 0 0 0 0
0 0 2120.0 391.0 1388.0 2046.0 0 0 0 0 0.0 0.0 0.0 0.0 0.0 0.0 0 0 0 0 0 0 0.0 0.0 0.0 0.0 0 0 0 0
0 0 2176.0 384.0 1631.0 1826.0 0 0 0 0 0.0 0.0 0.0 0.0 0.0 0.0 0 0 0 0 0 0 0.0 0.0 0.0 0.0 0 0 0 0
0 0 2034.0 375.0 1465.0 1890.0 0 0 0 0 0.0 1.0 0.0 0.0 0.0 0.0 0 0 0 0 0 0 0.0 0.0 0.0 0.0 0 0 0 0
0 0 2053.0 421.0 1442.0 2008.0 0 0 0 0 0.0 0.0 0.0 0.0 0.0 0.0 0 0 0 0 0 0 0.0 0.0 0.0 0.0 0 0 0 0
0 0 2078.0 436.0 1474.0 1949.0 0 0 0 0 0.0 0.0 0.0 0.0 0.0 0.0 0 0 0 0 0 0 0.0 0.0 0.0 0.0 0 0 0 0
0 0 2080.0 410.0 1505.0 2039.0 0 0 0 0 0.0 0.0 0.0 0.0 0.0 0.0 0 0 0 0 0 0 0.0 0.0 0.0 0.0 0 0 0 0
0 0 2030.0 447.0 1689.0 2031.0 0 0 0 0 0.0 0.0 0.0 0.0 0.0 0.0 0 0 0 0 0 0 0.0 0.0 0.0 0.0 0 0 0 0
0 0 1946.0 411.0 1651.0 1892.0 0 0 0 0 0.0 0.0 0.0 0.0 0.0 0.0 0 0 0 0 0 0 0.0 0.0 0.0 0.0 0 0 0 0
0 0 2127.0 390.0 1401.0 1944.0 0 0 0 0 0.0 0.0 0.0 0.0 0.0 0.0 0 0 0 0 0 0 0.0 0.0 0.0 0.0 0 0 0 0
0 0 2125.0 411.0 1698.0 1994.0 0 0 0 0 0.0 0.0 0.0 0.0 0.0 0.0 0 0 0 0 0 0 0.0 0.0 0.0 0.0 0 0 0 0
0 0 2100.0 363.0 1501.0 1890.0 0 0 0 0 0.0 0.0 1.0 0.0 0.0 0.0 0 0 0 0 0 0 0.0 0.0 0.0 0.0 0 0 0 0
0 0 2121.0 435.0 1608.0 1919.0 0 0 0 0 0.0 0.0 0.0 0.0 0.0 0.0 0 0 0 0 0 0 0.0 0.0 0.0 0.0 0 0 0 0
0 0 2073.0 441.0 1539.0 1910.0 0 0 0 0 0.0 1.0 0.0 0.0 0.0 0.0 0 0 0 0 0 0 0.0 0.0 0.0 0.0 0 0 0 0
0 0 2144.0 466.0 1743.0 1902.0 0 0 0 0 0.0 1.0 0.0 0.0 0.0 0.0 0 0 0 0 0 0 0.0 0.0 0.0 0.0 0 0 0 0
0 0 2095.0 432.0 1469.0 1923.0 0 0 0 0 0.0 0.0 0.0 0.0 0.0 0.0 0 0 0 0 0 0 0.0 0.0 0.0 0.0 0 0 0 0
0 0 2109.0 364.0 1657.0 2061.0 0 0 0 0 0.0 0.0 0.0 0.0 0.0 0.0 0 0 0 0 0 0 0.0 0.0 0.0 0.0 0 0 0 0
0 0 2044.0 394.0 1434.0 1825.0 0 0 0 0 0.0 0.0 0.0 0.0 0.0 0.0 0 0 0 0 0 0 0.0 0.0 0.0 0.0 0 0 0 0
0 0 2109.0 375.0 1415.0 2004.0 0 0 0 0 0.0 0.0 0.0 0.0 0.0 0.0 0 0 0 0 0 0 0.0 0.0 0.0 0.0 0 0 0 0
0 0 2130.0 391.0 1679.0 2024.0 0 0 0 0 0.0 0.0 0.0 0.0 0.0 0.0 0 0 0 0 0 0 0.0 0.0 0.0 0.0 0 0 0 0
0 0 2083.0 418.0 1575.0 1987.0 0 0 0 0 0.0 0.0 0.0 0.0 0.0 0.0 0 0 0 0 0 0 0.0 0.0 0.0 0.0 0 0 0 0
0 0 2165.0 467.0 1672.0 1891.0 0 0 0 0 0.0 0.0 0.0 0.0 0.0 0.0 0 0 0 0 0 0 0.0 0.0 0.0 0.0 0 0 0 0
0 0 2182.0 381.0 1604.0 1933.0 0 0 0 0 0.0 0.0 0.0 0.0 0.0 0.0 0 0 0 0 0 0 0.0 0.0 0.0 0.0 0 0 0 0
0 0 2068.0 374.0 1530.0 1798.0 0 0 0 0 0.0 0.0 0.0 0.0 0.0 0.0 0 0 0 0 0 0 0.0 0.0 0.0 0.0 0 0 0 0
0 0 2100.0 429.0 1581.0 2022.0 0 0 0 0 0.0 1.0 0.0 0.0 0.0 0.0 0 0 0 0 0 0 0.0 0.0 0.0 0.0 0 0 0 0
0 0 2010.0 411.0 1527.0 2097.0 0 0 0 0 0.0 0.0 0.0 0.0 0.0 0.0 0 0 0 0 0 0 0.0 0.0 0.0 0.0 0 0 0 0
0 0 2084.0 415.0 1335.0 1844.0 0 0 0 0 0.0 0.0 0.0 0.0 0.0 1.0 0 0 0 0 0 0 0.0 0.0 0.0 0.0 0 0 0 0
0 0 2212.0 417.0 1555.0 1837.0 0 0 0 0 0.0 0.0 1.0 0.0 0.0 0.0 0 0 0 0 0 0 0.0 0.0 0.0 0.0 0 0 0 0
0 0 2111.0 387.0 1552.0 1897.0 0 0 0 0 0.0 0.0 0.0 0.0 0.0 0.0 0 0 0 0 0 0 0.0 0.0 0.0 0.0 0 0 0 0
0 0 2020.0 369.0 1606.0 1905.0 0 0 0 0 0.0 0.0 0.0 0.0 0.0 0.0 0 0 0 0 0 0 0.0 0.0 0.0 0.0 0 0 0 0
0 0 2092.0 359.0 1286.0 1870.0 0 0 0 0 0.0 0.0 1.0 0.0 0.0 0.0 0 0 0 0 0 0 0.0 0.0 0.0 0.0 0 0 0 0
0 0 2075.0 419.0 1578.0 1860.0 0 0 0 0 0.0 1.0 1.0 0.0 0.0 0.0 0 0 0 0 0 0 0.0 0.0 0.0 0.0 0 0 0 0
0 0 1996.0 414.0 1576.0 1871.0 0 0 0 0 0.0 0.0 0.0 0.0 0.0 0.0 0 0 0 0 0 0 0.0 0.0 0.0 0.0 0 0 0 0
0 0 2157.0 415.0 1613.0 1940.0 0 0 0 0 0.0 0.0 0.0 0.0 0.0 0.0 0 0 0 0 0 0 0.0 0.0 0.0 0.0 0 0 0 0
0 0 2123.0 400.0 1639.0 1950.0 0 0 0 0 0.0 0.0 0.0 0.0 0.0 0.0 0 0 0 0 0 0 0.0 0.0 0.0 0.0 0 0 0 0
0 0 2082.0 406.0 1357.0 2025.0 0 0 0 0 0.0 0.0 0.0 0.0 0.0 0.0 0 0 0 0 0 0 0.0 0.0 0.0 0.0 0 0 0 0
0 0 2144.0 351.0 1641.0 1809.0 0 0 0 0 0.0 0.0 0.0 0.0 0.0 0.0 0 0 0 0 0 0 0.0 0.0 0.0 0.0 0 0 0 0
0 0 2172.0 455.0 1574.0 1731.0 0 0 0 0 0.0 0.0 0.0 0.0 0.0 0.0 0 0 0 0 0 0 0.0 0.0 0.0 0.0 0 0 0 0
0 0 2005.0 381.0 1562.0 1752.0 0 0 0 0 0.0 0.0 0.0 0.0 0.0 0.0 0 0 0 0 0 0 0.0 0.0 0.0 0.0 0 0 0 0
0 0 2140.0 419.0 1348.0 1992.0 0 0 0 0 0.0 0.0 0.0 0.0 0.0 0.0 0 0 0 0 0 0 0.0 0.0 0.0 0.0 0 0 0 0
0 0 2056.0 425.0 1442.0 1848.0 0 0 0 0 0.0 0.0 0.0 0.0 0.0 0.0 0 0 0 0 0 0 0.0 0.0 0.0 0.0 0 0 0 0
0 0 2063.0 455.0 1633.0 1943.0 0 0 0 0 0.0 0.0 0.0 0.0 0.0 0.0 0 0 0 0 0 0 0.0 0.0 0.0 0.0 0 0 0 0
0 0 1986.0 415.0 1289.0 2130.0 0 0 0 0 0.0 0.0 0.0 0.0 0.0 0.0 0 0 0 0 0 0 0.0 0.0 0.0 0.0 0 0 0 0
0 0 1920.0 414.0 1540.0 1904.0 0 0 0 0 0.0 0.0 0.0 0.0 0.0 0.0 0 0 0 0 0 0 0.0 0.0 0.0 0.0 0 0 0 0
0 0 1945.0 393.0 1394.0 2177.0 0 0 0 0 0.0 0.0 0.0 0.0 0.0 0.0 0 0 0 0 0 0 0.0 0.0 0.0 0.0 0 0 0 0
0 0 2067.0 439.0 1516.0 1958.0 0 0 0 0 0.0 0.0 0.0 0.0 0.0 0.0 0 0 0 0 0 0 0.0 0.0 0.0 0.0 0 0 0 0
0 0 1960.0 399.0 1589.0 2076.0 0 0 0 0 0.0 0.0 0.0 0.0 0.0 0.0 0 0 0 0 0 0 0.0 0.0 0.0 0.0 0 0 0 0
0 0 1988.0 375.0 1691.0 2060.0 0 0 0 0 0.0 0.0 0.0 0.0 0.0 1.0 0 0 0 0 0 0 0.0 0.0 0.0 0.0 0 0 0 0
0 0 2136.0 403.0 1250.0 2157.0 0 0 0 0 0.0 0.0 0.0 0.0 0.0 0.0 0 0 0 0 0 0 0.0 0.0 0.0 0.0 0 0 0 0
0 0 1908.0 416.0 1394.0 2297.0 0 0 0 0 0.0 0.0 1.0 0.0 0.0 0.0 0 0 0 0 0 0 0.0 0.0 0.0 0.0 0 0 0 0
0 0 1979.0 396.0 1598.0 2060.0 0 0 0 0 0.0 0.0 1.0 0.0 0.0 0.0 0 0 0 0 0 0 0.0 0.0 0.0 0.0 0 0 0 0
0 0 1999.0 423.0 1542.0 2052.0 0 0 0 0 0.0 0.0 0.0 0.0 0.0 0.0 0 0 0 0 0 0 0.0 0.0 0.0 0.0 0 0 0 0
0 0 2017.0 404.0 1555.0 1906.0 0 0 0 0 0.0 0.0 0.0 0.0 0.0 0.0 0 0 0 0 0 0 0.0 0.0 0.0 0.0 0 0 0 0
0 0 1977.0 442.0 1619.0 1924.0 0 0 0 0 0.0 0.0 0.0 0.0 0.0 0.0 0 0 0 0 0 0 0.0 0.0 0.0 0.0 0 0 0 0
0 0 2021.0 442.0 1306.0 1961.0 0 0 0 0 0.0 0.0 0.0 0.0 0.0 1.0 0 0 0 0 0 0 0.0 0.0 0.0 0.0 0 0 0 0
0 0 2003.0 401.0 1522.0 1900.0 0 0 0 0 0.0 0.0 0.0 0.0 0.0 0.0 0 0 0 0 0 0 0.0 0.0 0.0 0.0 0 0 0 0
0 0 1978.0 406.0 1346.0 2182.0 0 0 0 0 0.0 0.0 0.0 0.0 0.0 0.0 0 0 0 0 0 0 0.0 0.0 0.0 0.0 0 0 0 0
0 0 2033.0 420.0 1740.0 1959.0 0 0 0 0 0.0 0.0 0.0 0.0 0.0 0.0 0 0 0 0 0 0 0.0 0.0 0.0 0.0 0 0 0 0
0 0 1946.0 402.0 1569.0 2064.0 0 0 0 0 0.0 0.0 0.0 0.0 0.0 0.0 0 0 0 0 0 0 0.0 0.0 0.0 0.0 0 0 0 0
0 0 2036.0 347.0 1544.0 2017.0 0 0 0 0 0.0 1.0 0.0 0.0 0.0 0.0 0 0 0 0 0 0 0.0 0.0 0.0 0.0 0 0 0 0
0 0 2017.0 366.0 1587.0 1957.0 0 0 0 0 0.0 0.0 0.0 0.0 0.0 0.0 0 0 0 0 0 0 0.0 0.0 0.0 0.0 0 0 0 0
0 0 2094.0 421.0 1785.0 1913.0 0 0 0 0 0.0 0.0 0.0 0.0 0.0 0.0 0 0 0 0 0 0 0.0 0.0 0.0 0.0 0 0 0 0
0 0 2005.0 368.0 1563.0 2048.0 0 0 0 0 0.0 0.0 1.0 0.0 0.0 0.0 0 0 0 0 0 0 0.0 0.0 0.0 0.0 0 0 0 0
0 0 2000.0 418.0 1557.0 2002.0 0 0 0 0 0.0 0.0 0.0 0.0 0.0 0.0 0 0 0 0 0 0 0.0 0.0 0.0 0.0 0 0 0 0
0 0 1981.0 419.0 1262.0 2021.0 0 0 0 0 0.0 0.0 0.0 0.0 0.0 0.0 0 0 0 0 0 0 0.0 0.0 0.0 0.0 0 0 0 0
0 0 1970.0 439.0 1317.0 2226.0 0 0 0 0 0.0 0.0 0.0 0.0 0.0 0.0 0 0 0 0 0 0 0.0 0.0 0.0 0.0 0 0 0 0
0 0 1985.0 397.0 1606.0 1967.0 0 0 0 0 0.0 0.0 0.0 0.0 0.0 0.0 0 0 0 0 0 0 0.0 0.0 0.0 0.0 0 0 0 0
0 0 1986.0 409.0 1626.0 2005.0 0 0 0 0 0.0 0.0 0.0 0.0 0.0 0.0 0 0 0 0 0 0 0.0 0.0 0.0 0.0 0 0 0 0
0 0 1983.0 352.0 1433.0 2057.0 0 0 0 0 0.0 0.0 0.0 0.0 0.0 0.0 0 0 0 0 0 0 0.0 0.0 0.0 0.0 0 0 0 0
0 0 1905.0 351.0 1504.0 2016.0 0 0 0 0 0.0 0.0 0.0 0.0 0.0 0.0 0 0 0 0 0 0 0.0 0.0 0.0 0.0 0 0 0 0
0 0 1956.0 420.0 1492.0 1954.0 0 0 0 0 0.0 0.0 1.0 0.0 0.0 0.0 0 0 0 0 0 0 0.0 0.0 0.0 0.0 0 0 0 0
0 0 2064.0 358.0 1746.0 2066.0 0 0 0 0 0.0 0.0 0.0 0.0 0.0 0.0 0 0 0 0 0 0 0.0 0.0 0.0 0.0 0 0 0 0
0 0 2038.0 376.0 1672.0 1898.0 0 0 0 0 0.0 0.0 0.0 0.0 0.0 0.0 0 0 0 0 0 0 0.0 0.0 0.0 0.0 0 0 0 0
0 0 2109.0 388.0 1505.0 2088.0 0 0 0 0 0.0 0.0 0.0 0.0 0.0 0.0 0 0 0 0 0 0 0.0 0.0 0.0 0.0 0 0 0 0
0 0 1893.0 445.0 1727.0 2029.0 0 0 0 0 0.0 0.0 0.0 0.0 0.0 0.0 0 0 0 0 0 0 0.0 0.0 0.0 0.0 0 0 0 0
0 0 1976.0 413.0 1527.0 2064.0 0 0 0 0 0.0 0.0 0.0 0.0 0.0 1.0 0 0 0 0 0 0 0.0 0.0 0.0 0.0 0 0 0 0
0 0 2015.0 373.0 1731.0 2031.0 0 0 0 0 0.0 0.0 0.0 0.0 0.0 0.0 0 0 0 0 0 0 0.0 0.0 0.0 0.0 0 0 0 0
0 0 2035.0 457.0 1574.0 2144.0 0 0 0 0 0.0 0.0 0.0 0.0 0.0 0.0 0 0 0 0 0 0 0.0 0.0 0.0 0.0 0 0 0 0
0 0 2031.0 392.0 1570.0 2049.0 0 0 0 0 0.0 0.0 0.0 0.0 0.0 0.0 0 0 0 0 0 0 0.0 0.0 0.0 0.0 0 0 0 0
0 0 2131.0 477.0 1567.0 1911.0 0 0 0 0 0.0 0.0 0.0 0.0 0.0 0.0 0 0 0 0 0 0 0.0 0.0 0.0 0.0 0 0 0 0
0 0 1909.0 359.0 1549.0 1992.0 0 0 0 0 0.0 0.0 0.0 0.0 0.0 0.0 0 0 0 0 0 0 0.0 0.0 0.0 0.0 0 0 0 0
0 0 2091.0 397.0 1534.0 2043.0 0 0 0 0 0.0 0.0 0.0 0.0 0.0 0.0 0 0 0 0 0 0 0.0 0.0 0.0 0.0 0 0 0 0
0 0 1918.0 377.0 1650.0 2045.0 0 0 0 0 0.0 0.0 0.0 0.0 0.0 0.0 0 0 0 0 0 0 0.0 0.0 0.0 0.0 0 0 0 0
0 0 2054.0 390.0 1531.0 2080.0 0 0 0 0 0.0 0.0 0.0 0.0 0.0 0.0 0 0 0 0 0 0 0.0 0.0 0.0 0.0 0 0 0 0
0 0 2142.0 449.0 1434.0 1984.0 0 0 0 0 0.0 0.0 0.0 0.0 0.0 0.0 0 0 0 0 0 0 0.0 0.0 0.0 0.0 0 0 0 0
0 0 2025.0 418.0 1555.0 2146.0 0 0 0 0 0.0 0.0 0.0 0.0 0.0 0.0 0 0 0 0 0 0 0.0 0.0 0.0 0.0 0 0 0 0
0 0 1968.0 375.0 1424.0 2174.0 0 0 0 0 0.0 0.0 0.0 0.0 0.0 0.0 0 0 0 0 0 0 0.0 0.0 0.0 0.0 0 0 0 0
0 0 2027.0 398.0 1267.0 1895.0 0 0 0 0 0.0 1.0 0.0 0.0 0.0 0.0 0 0 0 0 0 0 0.0 0.0 0.0 0.0 0 0 0 0
0 0 2013.0 463.0 1478.0 2183.0 0 0 0 0 0.0 0.0 0.0 0.0 0.0 0.0 0 0 0 0 0 0 0.0 0.0 0.0 0.0 0 0 0 0
0 0 1990.0 373.0 1479.0 1876.0 0 0 0 0 0.0 0.0 0.0 0.0 0.0 0.0 0 0 0 0 0 0 0.0 0.0 0.0 0.0 0 0 0 0
0 0 1983.0 405.0 1647.0 2083.0 0 0 0 0 0.0 0.0 0.0 0.0 0.0 0.0 0 0 0 0 0 0 0.0 0.0 0.0 0.0 0 0 0 0
0 0 2076.0 401.0 1662.0 2052.0 0 0 0 0 0.0 0.0 0.0 0.0 0.0 0.0 0 0 0 0 0 0 0.0 0.0 0.0 0.0 0 0 0 0
0 0 2025.0 366.0 1610.0 1941.0 0 0 0 0 0.0 0.0 0.0 0.0 0.0 0.0 0 0 0 0 0 0 0.0 0.0 0.0 0.0 0 0 0 0
0 0 1981.0 426.0 1426.0 1855.0 0 0 0 0 0.0 0.0 0.0 0.0 0.0 1.0 0 0 0 0 0 0 0.0 0.0 0.0 0.0 0 0 0 0
0 0 1947.0 430.0 1433.0 2086.0 0 0 0 0 0.0 0.0 0.0 0.0 0.0 0.0 0 0 0 0 0 0 0.0 0.0 0.0 0.0 0 0 0 0
0 0 1947.0 402.0 1669.0 2061.0 0 0 0 0 0.0 0.0 0.0 0.0 0.0 0.0 0 0 0 0 0 0 0.0 0.0 0.0 0.0 0 0 0 0
0 0 1993.0 413.0 1496.0 2122.0 0 0 0 0 0.0 0.0 0.0 0.0 0.0 0.0 0 0 0 0 0 0 0.0 0.0 0.0 0.0 0 0 0 0
0 0 2050.0 406.0 1528.0 2041.0 0 0 0 0 0.0 0.0 1.0 0.0 0.0 0.0 0 0 0 0 0 0 0.0 0.0 0.0 0.0 0 0 0 0
0 0 2141.0 418.0 1590.0 2061.0 0 0 0 0 0.0 0.0 1.0 0.0 0.0 0.0 0 0 0 0 0 0 0.0 0.0 0.0 0.0 0 0 0 0
0 0 2020.0 408.0 1678.0 2047.0 0 0 0 0 0.0 0.0 0.0 0.0 0.0 0.0 0 0 0 0 0 0 0.0 0.0 0.0 0.0 0 0 0 0
0 0 1968.0 399.0 1693.0 1937.0 0 0 0 0 0.0 0.0 0.0 0.0 0.0 0.0 0 0 0 0 0 0 0.0 0.0 0.0 0.0 0 0 0 0
0 0 2034.0 402.0 1683.0 1976.0 0 0 0 0 0.0 0.0 0.0 0.0 0.0 0.0 0 0 0 0 0 0 0.0 0.0 0.0 0.0 0 0 0 0
0 0 1998.0 390.0 1777.0 2042.0 0 0 0 0 0.0 0.0 0.0 0.0 0.0 0.0 0 0 0 0 0 0 0.0 0.0 0.0 0.0 0 0 0 0
0 0 1990.0 413.0 1570.0 1981.0 0 0 0 0 0.0 0.0 0.0 0.0 0.0 0.0 0 0 0 0 0 0 0.0 0.0 0.0 0.0 0 0 0 0
0 0 2085.0 412.0 1524.0 2011.0 0 0 0 0 0.0 0.0 0.0 0.0 0.0 0.0 0 0 0 0 0 0 0.0 0.0 0.0 0.0 0 0 0 0
0 0 2029.0 398.0 1612.0 2071.0 0 0 0 0 0.0 0.0 0.0 0.0 0.0 0.0 0 0 0 0 0 0 0.0 0.0 0.0 0.0 0 0 0 0
0 0 1993.0 381.0 1214.0 2149.0 0 0 0 0 0.0 0.0 0.0 0.0 0.0 0.0 0 0 0 0 0 0 0.0 0.0 0.0 0.0 0 0 0 0
0 0 2104.0 396.0 1637.0 1880.0 0 0 0 0 0.0 0.0 0.0 0.0 0.0 0.0 0 0 0 0 0 0 0.0 0.0 0.0 0.0 0 0 0 0
0 0 2124.0 410.0 1507.0 2030.0 0 0 0 0 0.0 1.0 0.0 0.0 0.0 0.0 0 0 0 0 0 0 0.0 0.0 0.0 0.0 0 0 0 0
0 0 1984.0 426.0 1624.0 1810.0 0 0 0 0 0.0 0.0 0.0 0.0 0.0 0.0 0 0 0 0 0 0 0.0 0.0 0.0 0.0 0 0 0 0
0 0 2217.0 383.0 1283.0 2122.0 0 0 0 0 0.0 0.0 0.0 0.0 0.0 0.0 0 0 0 0 0 0 0.0 0.0 0.0 0.0 0 0 0 0
0 0 2070.0 435.0 1709.0 2181.0 0 0 0 0 0.0 0.0 0.0 0.0 0.0 0.0 0 0 0 0 0 0 0.0 0.0 0.0 0.0 0 0 0 0
0 0 1969.0 438.0 1507.0 2090.0 0 0 0 0 0.0 0.0 0.0 0.0 0.0 0.0 0 0 0 0 0 0 0.0 0.0 0.0 0.0 0 0 0 0
0 0 1946.0 422.0 1640.0 2177.0 0 0 0 0 0.0 0.0 0.0 0.0 0.0 0.0 0 0 0 0 0 0 0.0 0.0 0.0 0.0 0 0 0 0
0 0 2002.0 412.0 1619.0 2042.0 0 0 0 0 0.0 0.0 0.0 0.0 0.0 0.0 0 0 0 0 0 0 0.0 0.0 0.0 0.0 0 0 0 0
0 0 2125.0 400.0 1600.0 1988.0 0 0 0 0 0.0 0.0 0.0 0.0 0.0 0.0 0 0 0 0 0 0 0.0 0.0 0.0 0.0 0 0 0 0
0 0 2091.0 352.0 1716.0 1853.0 0 0 0 0 0.0 0.0 0.0 0.0 0.0 0.0 0 0 0 0 0 0 0.0 0.0 0.0 0.0 0 0 0 0
0 0 2003.0 381.0 1749.0 1837.0 0 0 0 0 0.0 0.0 0.0 0.0 0.0 0.0 0 0 0 0 0 0 0.0 0.0 0.0 0.0 0 0 0 0
0 0 2050.0 394.0 1693.0 2004.0 0 0 0 0 0.0 0.0 1.0 0.0 0.0 0.0 0 0 0 0 0 0 0.0 0.0 0.0 0.0 0 0 0 0
0 0 2130.0 451.0 1372.0 2087.0 0 0 0 0 0.0 0.0 0.0 0.0 0.0 0.0 0 0 0 0 0 0 0.0 0.0 0.0 0.0 0 0 0 0
0 0 2009.0 404.0 1649.0 1949.0 0 0 0 0 0.0 0.0 0.0 0.0 0.0 0.0 0 0 0 0 0 0 0.0 0.0 0.0 0.0 0 0 0 0
0 0 2086.0 408.0 1527.0 1988.0 0 0 0 0 0.0 0.0 0.0 0.0 0.0 0.0 0 0 0 0 0 0 0.0 0.0 0.0 0.0 0 0 0 0
0 0 2145.0 391.0 1522.0 1906.0 0 0 0 0 0.0 0.0 0.0 0.0 0.0 0.0 0 0 0 0 0 0 0.0 0.0 0.0 0.0 0 0 0 0
0 0 2100.0 381.0 1504.0 1677.0 0 0 0 0 0.0 0.0 0.0 0.0 0.0 0.0 0 0 0 0 0 0 0.0 0.0 0.0 0.0 0 0 0 0
0 0 2052.0 324.0 1624.0 2067.0 0 0 0 0 0.0 0.0 0.0 0.0 0.0 0.0 0 0 0 0 0 0 0.0 0.0 0.0 0.0 0 0 0 0
0 0 2068.0 398.0 1598.0 1947.0 0 0 0 0 0.0 0.0 0.0 0.0 0.0 0.0 0 0 0 0 0 0 0.0 0.0 0.0 0.0 0 0 0 0
0 0 2166.0 480.0 1537.0 2089.0 0 0 0 0 0.0 0.0 0.0 0.0 0.0 0.0 0 0 0 0 0 0 0.0 0.0 0.0 0.0 0 0 0 0
0 0 2145.0 411.0 1553.0 1958.0 0 0 0 0 0.0 1.0 0.0 0.0 0.0 0.0 0 0 0 0 0 0 0.0 0.0 0.0 0.0 0 0 0 0
0 0 2150.0 415.0 1373.0 2070.0 0 0 0 0 0.0 1.0 0.0 0.0 0.0 0.0 0 0 0 0 0 0 0.0 0.0 0.0 0.0 0 0 0 0
0 0 2077.0 445.0 1567.0 1971.0 0 0 0 0 0.0 0.0 0.0 0.0 0.0 0.0 0 0 0 0 0 0 0.0 0.0 0.0 0.0 0 0 0 0
0 0 2025.0 378.0 1506.0 1963.0 0 0 0 0 0.0 0.0 0.0 0.0 0.0 0.0 0 0 0 0 0 0 0.0 0.0 0.0 0.0 0 0 0 0
0 0 2068.0 428.0 1537.0 1960.0 0 0 0 0 0.0 0.0 0.0 0.0 0.0 0.0 0 0 0 0 0 0 0.0 0.0 0.0 0.0 0 0 0 0
0 0 2016.0 392.0 1604.0 1890.0 0 0 0 0 0.0 0.0 0.0 0.0 0.0 0.0 0 0 0 0 0 0 0.0 0.0 0.0 0.0 0 0 0 0
0 0 1938.0 423.0 1732.0 2020.0 0 0 0 0 0.0 0.0 0.0 0.0 0.0 0.0 0 0 0 0 0 0 0.0 0.0 0.0 0.0 0 0 0 0
0 0 2015.0 411.0 1656.0 1939.0 0 0 0 0 0.0 0.0 0.0 0.0 0.0 0.0 0 0 0 0 0 0 0.0 0.0 0.0 0.0 0 0 0 0
0 0 2021.0 424.0 1666.0 1838.0 0 0 0 0 0.0 0.0 0.0 0.0 0.0 0.0 0 0 0 0 0 0 0.0 0.0 0.0 0.0 0 0 0 0
0 0 1980.0 377.0 1656.0 2038.0 0 0 0 0 0.0 0.0 0.0 0.0 0.0 0.0 0 0 0 0 0 0 0.0 0.0 0.0 0.0 0 0 0 0
0 0 2036.0 518.0 1710.0 2188.0 0 0 0 0 0.0 0.0 0.0 0.0 0.0 0.0 0 0 0 0 0 0 0.0 0.0 0.0 0.0 0 0 0 0
0 0 2084.0 400.0 1390.0 1883.0 0 0 0 0 0.0 0.0 0.0 0.0 0.0 1.0 0 0 0 0 0 0 0.0 0.0 0.0 0.0 0 0 0 0
0 0 2225.0 436.0 1606.0 2114.0 0 0 0 0 0.0 0.0 0.0 0.0 0.0 0.0 0 0 0 0 0 0 0.0 0.0 0.0 0.0 0 0 0 0
0 0 2059.0 404.0 1377.0 1877.0 0 0 0 0 0.0 0.0 0.0 0.0 0.0 0.0 0 0 0 0 0 0 0.0 0.0 0.0 0.0 0 0 0 0
0 0 2094.0 419.0 1500.0 1787.0 0 0 0 0 0.0 0.0 0.0 0.0 0.0 0.0 0 0 0 0 0 0 0.0 0.0 0.0 0.0 0 0 0 0
0 0 2126.0 407.0 1558.0 1972.0 0 0 0 0 0.0 0.0 0.0 0.0 0.0 0.0 0 0 0 0 0 0 0.0 0.0 0.0 0.0 0 0 0 0
0 0 2105.0 395.0 1519.0 1815.0 0 0 0 0 0.0 0.0 0.0 0.0 0.0 0.0 0 0 0 0 0 0 0.0 0.0 0.0 0.0 0 0 0 0
0 0 2179.0 419.0 1431.0 1972.0 0 0 0 0 0.0 0.0 0.0 0.0 0.0 0.0 0 0 0 0 0 0 0.0 0.0 0.0 0.0 0 0 0 0
0 0 2167.0 380.0 1512.0 1928.0 0 0 0 0 0.0 0.0 0.0 0.0 0.0 0.0 0 0 0 0 0 0 0.0 0.0 0.0 0.0 0 0 0 0
0 0 2014.0 401.0 1601.0 1912.0 0 0 0 0 0.0 0.0 0.0 0.0 0.0 0.0 0 0 0 0 0 0 0.0 0.0 0.0 0.0 0 0 0 0
0 0 2082.0 435.0 1519.0 1994.0 0 0 0 0 0.0 0.0 1.0 0.0 0.0 0.0 0 0 0 0 0 0 0.0 0.0 0.0 0.0 0 0 0 0
0 0 2189.0 427.0 1668.0 1903.0 0 0 0 0 0.0 0.0 0.0 0.0 0.0 0.0 0 0 0 0 0 0 0.0 0.0 0.0 0.0 0 0 0 0
0 0 2119.0 398.0 1556.0 1917.0 0 0 0 0 0.0 0.0 0.0 0.0 0.0 0.0 0 0 0 0 0 0 0.0 0.0 0.0 0.0 0 0 0 0
0 0 2068.0 384.0 1453.0 1964.0 0 0 0 0 0.0 0.0 1.0 0.0 0.0 0.0 0 0 0 0 0 0 0.0 0.0 0.0 0.0 0 0 0 0
0 0 2005.0 395.0 1509.0 2054.0 0 0 0 0 0.0 0.0 0.0 0.0 0.0 0.0 0 0 0 0 0 0 0.0 0.0 0.0 0.0 0 0 0 0
0 0 2074.0 404.0 1538.0 1854.0 0 0 0 0 0.0 0.0 0.0 0.0 0.0 0.0 0 0 0 0 0 0 0.0 0.0 0.0 0.0 0 0 0 0
0 0 2063.0 393.0 1446.0 1998.0 0 0 0 0 0.0 0.0 0.0 0.0 0.0 0.0 0 0 0 0 0 0 0.0 0.0 0.0 0.0 0 0 0 0
0 0 2043.0 437.0 1426.0 2020.0 0 0 0 0 0.0 0.0 0.0 0.0 0.0 0.0 0 0 0 0 0 0 0.0 0.0 0.0 0.0 0 0 0 0
0 0 2006.0 370.0 1567.0 1837.0 0 0 0 0 0.0 0.0 0.0 0.0 0.0 0.0 0 0 0 0 0 0 0.0 0.0 0.0 0.0 0 0 0 0
0 0 2139.0 379.0 1633.0 1794.0 0 0 0 0 0.0 0.0 0.0 0.0 0.0 1.0 0 0 0 0 0 0 0.0 0.0 0.0 0.0 0 0 0 0
0 0 2087.0 386.0 1586.0 2018.0 0 0 0 0 0.0 0.0 0.0 0.0 0.0 1.0 0 0 0 0 0 0 0.0 0.0 0.0 0.0 0 0 0 0
0 0 2152.0 380.0 1675.0 2090.0 0 0 0 0 0.0 0.0 0.0 0.0 0.0 0.0 0 0 0 0 0 0 0.0 0.0 0.0 0.0 0 0 0 0
0 0 2065.0 394.0 1654.0 1944.0 0 0 0 0 0.0 0.0 0.0 0.0 0.0 0.0 0 0 0 0 0 0 0.0 0.0 0.0 0.0 0 0 0 0
0 0 2016.0 460.0 1476.0 1983.0 0 0 0 0 0.0 0.0 0.0 0.0 0.0 0.0 0 0 0 0 0 0 0.0 0.0 0.0 0.0 0 0 0 0
0 0 2062.0 356.0 1702.0 1892.0 0 0 0 0 0.0 0.0 0.0 0.0 0.0 0.0 0 0 0 0 0 0 0.0 0.0 0.0 0.0 0 0 0 0
0 0 2051.0 421.0 1442.0 1888.0 0 0 0 0 0.0 0.0 0.0 0.0 0.0 1.0 0 0 0 0 0 0 0.0 0.0 0.0 0.0 0 0 0 0
0 0 2071.0 401.0 1481.0 2090.0 0 0 0 0 0.0 0.0 0.0 0.0 0.0 0.0 0 0 0 0 0 0 0.0 0.0 0.0 0.0 0 0 0 0
0 0 2030.0 421.0 1367.0 2081.0 0 0 0 0 0.0 0.0 0.0 0.0 0.0 0.0 0 0 0 0 0 0 0.0 0.0 0.0 0.0 0 0 0 0
0 0 2087.0 376.0 1408.0 1979.0 0 0 0 0 0.0 1.0 0.0 0.0 0.0 1.0 0 0 0 0 0 0 0.0 0.0 0.0 0.0 0 0 0 0
0 0 2014.0 448.0 1568.0 2041.0 0 0 0 0 0.0 0.0 0.0 0.0 0.0 0.0 0 0 0 0 0 0 0.0 0.0 0.0 0.0 0 0 0 0
0 0 2084.0 426.0 1530.0 1984.0 0 0 0 0 0.0 0.0 0.0 0.0 0.0 0.0 0 0 0 0 0 0 0.0 0.0 0.0 0.0 0 0 0 0
0 0 2104.0 378.0 1591.0 2116.0 0 0 0 0 0.0 1.0 0.0 0.0 0.0 0.0 0 0 0 0 0 0 0.0 0.0 0.0 0.0 0 0 0 0
0 0 2058.0 405.0 1488.0 2012.0 0 0 0 0 0.0 0.0 0.0 0.0 0.0 0.0 0 0 0 0 0 0 0.0 0.0 0.0 0.0 0 0 0 0
0 0 2133.0 388.0 1540.0 2014.0 0 0 0 0 0.0 0.0 1.0 0.0 0.0 0.0 0 0 0 0 0 0 0.0 0.0 0.0 0.0 0 0 0 0
0 0 2041.0 348.0 1603.0 1966.0 0 0 0 0 0.0 0.0 1.0 0.0 0.0 0.0 0 0 0 0 0 0 0.0 0.0 0.0 0.0 0 0 0 0
0 0 2085.0 451.0 1243.0 1857.0 0 0 0 0 0.0 0.0 0.0 0.0 0.0 0.0 0 0 0 0 0 0 0.0 0.0 0.0 0.0 0 0 0 0
0 0 2134.0 397.0 1505.0 1982.0 0 0 0 0 0.0 0.0 0.0 0.0 0.0 0.0 0 0 0 0 0 0 0.0 0.0 0.0 0.0 0 0 0 0
0 0 2077.0 391.0 1454.0 1873.0 0 0 0 0 0.0 0.0 0.0 0.0 0.0 0.0 0 0 0 0 0 0 0.0 0.0 0.0 0.0 0 0 0 0
0 0 2101.0 372.0 1547.0 2008.0 0 0 0 0 0.0 0.0 0.0 0.0 0.0 0.0 0 0 0 0 0 0 0.0 0.0 0.0 0.0 0 0 0 0
0 0 2100.0 379.0 1370.0 1925.0 0 0 0 0 0.0 0.0 0.0 0.0 0.0 0.0 0 0 0 0 0 0 0.0 0.0 0.0 0.0 0 0 0 0
0 0 2119.0 381.0 1670.0 1892.0 0 0 0 0 0.0 0.0 0.0 0.0 0.0 0.0 0 0 0 0 0 0 0.0 0.0 0.0 0.0 0 0 0 0
0 0 2040.0 434.0 1491.0 1876.0 0 0 0 0 0.0 0.0 0.0 0.0 0.0 0.0 0 0 0 0 0 0 0.0 0.0 0.0 0.0 0 0 0 0
0 0 2017.0 431.0 1544.0 1921.0 0 0 0 0 0.0 0.0 0.0 0.0 0.0 0.0 0 0 0 0 0 0 0.0 0.0 0.0 0.0 0 0 0 0
0 0 2101.0 467.0 1619.0 1926.0 0 0 0 0 0.0 1.0 0.0 0.0 0.0 0.0 0 0 0 0 0 0 0.0 0.0 0.0 0.0 0 0 0 0
0 0 2119.0 346.0 1779.0 2078.0 0 0 0 0 0.0 0.0 0.0 0.0 0.0 0.0 0 0 0 0 0 0 0.0 0.0 0.0 0.0 0 0 0 0
0 0 2037.0 446.0 1455.0 2178.0 0 0 0 0 0.0 0.0 0.0 0.0 0.0 0.0 0 0 0 0 0 0 0.0 0.0 0.0 0.0 0 0 0 0
0 0 2076.0 374.0 1642.0 2022.0 0 0 0 0 0.0 0.0 0.0 0.0 0.0 0.0 0 0 0 0 0 0 0.0 0.0 0.0 0.0 0 0 0 0
0 0 2082.0 365.0 1327.0 2070.0 0 0 0 0 0.0 0.0 0.0 0.0 1.0 0.0 0 0 0 0 0 0 0.0 0.0 0.0 0.0 0 0 0 0
0 0 2117.0 348.0 1721.0 1926.0 0 0 0 0 0.0 0.0 0.0 0.0 0.0 0.0 0 0 0 0 0 0 0.0 0.0 0.0 0.0 0 0 0 0
0 0 2113.0 357.0 1707.0 1805.0 0 0 0 0 0.0 0.0 0.0 0.0 0.0 0.0 0 0 0 0 0 0 0.0 0.0 0.0 0.0 0 0 0 0
0 0 1984.0 417.0 1418.0 2031.0 0 0 0 0 0.0 0.0 0.0 0.0 0.0 0.0 0 0 0 0 0 0 0.0 0.0 0.0 0.0 0 0 0 0
0 0 2050.0 425.0 1543.0 2114.0 0 0 0 0 0.0 0.0 0.0 0.0 0.0 0.0 0 0 0 0 0 0 0.0 0.0 0.0 0.0 0 0 0 0
0 0 2144.0 400.0 1589.0 2025.0 0 0 0 0 0.0 0.0 0.0 0.0 0.0 0.0 0 0 0 0 0 0 0.0 0.0 0.0 0.0 0 0 0 0
0 0 2062.0 389.0 1490.0 1968.0 0 0 0 0 0.0 0.0 0.0 0.0 0.0 0.0 0 0 0 0 0 0 0.0 0.0 0.0 0.0 0 0 0 0
0 0 2039.0 429.0 1588.0 1963.0 0 0 0 0 0.0 0.0 0.0 0.0 0.0 0.0 0 0 0 0 0 0 0.0 0.0 0.0 0.0 0 0 0 0
0 0 2022.0 365.0 1387.0 1923.0 0 0 0 0 0.0 0.0 0.0 0.0 0.0 0.0 0 0 0 0 0 0 0.0 0.0 0.0 0.0 0 0 0 0
0 0 2184.0 419.0 1483.0 1856.0 0 0 0 0 0.0 0.0 2.0 0.0 0.0 0.0 0 0 0 0 0 0 0.0 0.0 0.0 0.0 0 0 0 0
0 0 2048.0 420.0 1399.0 1984.0 0 0 0 0 0.0 0.0 0.0 0.0 0.0 0.0 0 0 0 0 0 0 0.0 0.0 0.0 0.0 0 0 0 0
0 0 2051.0 350.0 1662.0 2029.0 0 0 0 0 0.0 1.0 1.0 0.0 0.0 0.0 0 0 0 0 0 0 0.0 0.0 0.0 0.0 0 0 0 0
0 0 2118.0 458.0 1492.0 1839.0 0 0 0 0 0.0 0.0 1.0 0.0 0.0 0.0 0 0 0 0 0 0 0.0 0.0 0.0 0.0 0 0 0 0
0 0 2118.0 361.0 1663.0 1966.0 0 0 0 0 0.0 0.0 0.0 0.0 0.0 0.0 0 0 0 0 0 0 0.0 0.0 0.0 0.0 0 0 0 0
0 0 2105.0 377.0 1521.0 2011.0 0 0 0 0 0.0 0.0 0.0 0.0 0.0 0.0 0 0 0 0 0 0 0.0 0.0 0.0 0.0 0 0 0 0
0 0 2116.0 426.0 1393.0 1971.0 0 0 0 0 0.0 0.0 1.0 0.0 0.0 0.0 0 0 0 0 0 0 0.0 0.0 0.0 0.0 0 0 0 0
0 0 1971.0 419.0 1334.0 1935.0 0 0 0 0 0.0 0.0 0.0 0.0 0.0 0.0 0 0 0 0 0 0 0.0 0.0 0.0 0.0 0 0 0 0
0 0 2010.0 430.0 1498.0 2035.0 0 0 0 0 0.0 0.0 0.0 0.0 0.0 0.0 0 0 0 0 0 0 0.0 0.0 0.0 0.0 0 0 0 0
0 0 1903.0 445.0 1680.0 1915.0 0 0 0 0 0.0 0.0 0.0 0.0 0.0 0.0 0 0 0 0 0 0 0.0 0.0 0.0 0.0 0 0 0 0
0 0 1984.0 375.0 1601.0 2023.0 0 0 0 0 0.0 0.0 1.0 0.0 0.0 0.0 0 0 0 0 0 0 0.0 0.0 0.0 0.0 0 0 0 0
0 0 2045.0 422.0 1696.0 2116.0 0 0 0 0 0.0 0.0 1.0 0.0 0.0 0.0 0 0 0 0 0 0 0.0 0.0 0.0 0.0 0 0 0 0
0 0 2048.0 377.0 1655.0 2062.0 0 0 0 0 0.0 0.0 0.0 0.0 0.0 0.0 0 0 0 0 0 0 0.0 0.0 0.0 0.0 0 0 0 0
0 0 2015.0 423.0 1598.0 2073.0 0 0 0 0 0.0 0.0 0.0 0.0 0.0 0.0 0 0 0 0 0 0 0.0 0.0 0.0 0.0 0 0 0 0
0 0 1948.0 378.0 1519.0 1975.0 0 0 0 0 0.0 0.0 0.0 0.0 0.0 0.0 0 0 0 0 0 0 0.0 0.0 0.0 0.0 0 0 0 0
0 0 2089.0 425.0 1505.0 2007.0 0 0 0 0 0.0 0.0 0.0 0.0 0.0 0.0 0 0 0 0 0 0 0.0 0.0 0.0 0.0 0 0 0 0
0 0 2006.0 370.0 1541.0 2063.0 0 0 0 0 0.0 0.0 0.0 0.0 0.0 0.0 0 0 0 0 0 0 0.0 0.0 0.0 0.0 0 0 0 0
0 0 1930.0 422.0 1649.0 2019.0 0 0 0 0 0.0 0.0 0.0 0.0 0.0 0.0 0 0 0 0 0 0 0.0 0.0 0.0 0.0 0 0 0 0
0 0 2005.0 446.0 1487.0 2083.0 0 0 0 0 0.0 0.0 0.0 0.0 0.0 0.0 0 0 0 0 0 0 0.0 0.0 0.0 0.0 0 0 0 0
0 0 2059.0 400.0 1624.0 1985.0 0 0 0 0 0.0 0.0 0.0 0.0 0.0 0.0 0 0 0 0 0 0 0.0 0.0 0.0 0.0 0 0 0 0
0 0 1945.0 345.0 1598.0 1832.0 0 0 0 0 0.0 0.0 0.0 0.0 0.0 0.0 0 0 0 0 0 0 0.0 0.0 0.0 0.0 0 0 0 0
0 0 2057.0 399.0 1518.0 2008.0 0 0 0 0 0.0 0.0 0.0 0.0 0.0 0.0 0 0 0 0 0 0 0.0 0.0 0.0 0.0 0 0 0 0
0 0 2033.0 445.0 1565.0 2022.0 0 0 0 0 0.0 0.0 0.0 0.0 0.0 0.0 0 0 0 0 0 0 0.0 0.0 0.0 0.0 0 0 0 0
0 0 2037.0 404.0 1512.0 2056.0 0 0 0 0 0.0 0.0 0.0 0.0 0.0 0.0 0 0 0 0 0 0 0.0 0.0 0.0 0.0 0 0 0 0
0 0 2023.0 375.0 1688.0 2047.0 0 0 0 0 0.0 0.0 0.0 0.0 0.0 0.0 0 0 0 0 0 0 0.0 0.0 0.0 0.0 0 0 0 0
0 0 2182.0 386.0 1724.0 1917.0 0 0 0 0 0.0 1.0 0.0 0.0 0.0 0.0 0 0 0 0 0 0 0.0 0.0 0.0 0.0 0 0 0 0
0 0 2025.0 429.0 1560.0 1926.0 0 0 0 0 0.0 0.0 0.0 0.0 0.0 1.0 0 0 0 0 0 0 0.0 0.0 0.0 0.0 0 0 0 0
0 0 2095.0 461.0 1487.0 1997.0 0 0 0 0 0.0 0.0 0.0 0.0 0.0 0.0 0 0 0 0 0 0 0.0 0.0 0.0 0.0 0 0 0 0
0 0 2025.0 383.0 1464.0 1966.0 0 0 0 0 0.0 0.0 0.0 0.0 0.0 1.0 0 0 0 0 0 0 0.0 0.0 0.0 0.0 0 0 0 0
0 0 2010.0 400.0 1768.0 1947.0 0 0 0 0 0.0 0.0 0.0 0.0 0.0 0.0 0 0 0 0 0 0 0.0 0.0 0.0 0.0 0 0 0 0
0 0 2093.0 395.0 1566.0 2051.0 0 0 0 0 0.0 0.0 1.0 0.0 0.0 0.0 0 0 0 0 0 0 0.0 0.0 0.0 0.0 0 0 0 0
0 0 2020.0 383.0 1529.0 1907.0 0 0 0 0 0.0 0.0 0.0 0.0 0.0 0.0 0 0 0 0 0 0 0.0 0.0 0.0 0.0 0 0 0 0
0 0 2034.0 436.0 1714.0 2181.0 0 0 0 0 0.0 0.0 0.0 0.0 0.0 1.0 0 0 0 0 0 0 0.0 0.0 0.0 0.0 0 0 0 0
0 0 2030.0 353.0 1428.0 2116.0 0 0 0 0 0.0 0.0 0.0 0.0 0.0 0.0 0 0 0 0 0 0 0.0 0.0 0.0 0.0 0 0 0 0
0 0 2083.0 445.0 1512.0 2000.0 0 0 0 0 0.0 0.0 0.0 0.0 0.0 0.0 0 0 0 0 0 0 0.0 0.0 0.0 0.0 0 0 0 0
0 0 2131.0 429.0 1586.0 1983.0 0 0 0 0 0.0 0.0 0.0 0.0 0.0 0.0 0 0 0 0 0 0 0.0 0.0 0.0 0.0 0 0 0 0
0 0 2046.0 445.0 1573.0 2064.0 0 0 0 0 0.0 0.0 0.0 0.0 0.0 0.0 0 0 0 0 0 0 0.0 0.0 0.0 0.0 0 0 0 0
0 0 2154.0 444.0 1732.0 1977.0 0 0 0 0 0.0 0.0 0.0 0.0 0.0 0.0 0 0 0 0 0 0 0.0 0.0 0.0 0.0 0 0 0 0
0 0 2082.0 423.0 1525.0 2059.0 0 0 0 0 0.0 0.0 0.0 0.0 0.0 0.0 0 0 0 0 0 0 0.0 0.0 0.0 0.0 0 0 0 0
0 0 2023.0 413.0 1448.0 2035.0 0 0 0 0 0.0 0.0 0.0 0.0 0.0 0.0 0 0 0 0 0 0 0.0 0.0 0.0 0.0 0 0 0 0
0 0 1959.0 380.0 1442.0 1965.0 0 0 0 0 0.0 0.0 0.0 0.0 0.0 2.0 0 0 0 0 0 0 0.0 0.0 0.0 0.0 0 0 0 0
0 0 2115.0 392.0 1479.0 2034.0 0 0 0 0 0.0 0.0 0.0 0.0 0.0 0.0 0 0 0 0 0 0 0.0 0.0 0.0 0.0 0 0 0 0
0 0 2139.0 465.0 1562.0 2089.0 0 0 0 0 0.0 0.0 0.0 0.0 0.0 0.0 0 0 0 0 0 0 0.0 0.0 0.0 0.0 0 0 0 0
0 0 2143.0 401.0 1525.0 1977.0 0 0 0 0 0.0 0.0 2.0 0.0 0.0 0.0 0 0 0 0 0 0 0.0 0.0 0.0 0.0 0 0 0 0
0 0 2076.0 407.0 1454.0 2042.0 0 0 0 0 0.0 0.0 0.0 0.0 0.0 0.0 0 0 0 0 0 0 0.0 0.0 0.0 0.0 0 0 0 0
0 0 2038.0 380.0 1606.0 2162.0 0 0 0 0 0.0 0.0 0.0 0.0 0.0 0.0 0 0 0 0 0 0 0.0 0.0 0.0 0.0 0 0 0 0
0 0 2067.0 438.0 1531.0 2061.0 0 0 0 0 0.0 0.0 0.0 0.0 0.0 0.0 0 0 0 0 0 0 0.0 0.0 0.0 0.0 0 0 0 0
0 0 2132.0 395.0 1534.0 1876.0 0 0 0 0 0.0 0.0 0.0 0.0 0.0 0.0 0 0 0 0 0 0 0.0 0.0 0.0 0.0 0 0 0 0
0 0 2116.0 405.0 1485.0 1899.0 0 0 0 0 0.0 0.0 0.0 0.0 0.0 0.0 0 0 0 0 0 0 0.0 0.0 0.0 0.0 0 0 0 0
0 0 2040.0 422.0 1682.0 2131.0 0 0 0 0 0.0 0.0 0.0 0.0 0.0 0.0 0 0 0 0 0 0 0.0 0.0 0.0 0.0 0 0 0 0
0 0 2169.0 412.0 1275.0 1906.0 0 0 0 0 0.0 0.0 0.0 0.0 0.0 0.0 0 0 0 0 0 0 0.0 0.0 0.0 0.0 0 0 0 0
0 0 2124.0 385.0 1505.0 2094.0 0 0 0 0 0.0 0.0 0.0 0.0 0.0 0.0 0 0 0 0 0 0 0.0 0.0 0.0 0.0 0 0 0 0
0 0 2105.0 422.0 1641.0 2203.0 0 0 0 0 0.0 0.0 0.0 0.0 0.0 0.0 0 0 0 0 0 0 0.0 0.0 0.0 0.0 0 0 0 0
0 0 2091.0 406.0 1550.0 2060.0 0 0 0 0 0.0 0.0 0.0 0.0 0.0 0.0 0 0 0 0 0 0 0.0 0.0 0.0 0.0 0 0 0 0
0 0 2172.0 411.0 1662.0 2080.0 0 0 0 0 0.0 0.0 0.0 0.0 0.0 1.0 0 0 0 0 0 0 0.0 0.0 0.0 0.0 0 0 0 0
0 0 2079.0 391.0 1487.0 2077.0 0 0 0 0 0.0 0.0 0.0 0.0 0.0 0.0 0 0 0 0 0 0 0.0 0.0 0.0 0.0 0 0 0 0
0 0 2005.0 368.0 1677.0 2027.0 0 0 0 0 0.0 0.0 2.0 0.0 0.0 0.0 0 0 0 0 0 0 0.0 0.0 0.0 0.0 0 0 0 0
0 0 2041.0 430.0 1491.0 1948.0 0 0 0 0 0.0 0.0 0.0 0.0 0.0 0.0 0 0 0 0 0 0 0.0 0.0 0.0 0.0 0 0 0 0
0 0 2058.0 372.0 1357.0 2044.0 0 0 0 0 0.0 0.0 0.0 0.0 0.0 0.0 0 0 0 0 0 0 0.0 0.0 0.0 0.0 0 0 0 0
0 0 1971.0 369.0 1414.0 2011.0 0 0 0 0 0.0 1.0 0.0 0.0 0.0 0.0 0 0 0 0 0 0 0.0 0.0 0.0 0.0 0 0 0 0
0 0 2140.0 364.0 1471.0 2014.0 0 0 0 0 0.0 1.0 1.0 0.0 0.0 0.0 0 0 0 0 0 0 0.0 0.0 0.0 0.0 0 0 0 0
0 0 2106.0 386.0 1623.0 2184.0 0 0 0 0 0.0 0.0 0.0 0.0 0.0 0.0 0 0 0 0 0 0 0.0 0.0 0.0 0.0 0 0 0 0
0 0 1979.0 407.0 1560.0 1925.0 0 0 0 0 0.0 1.0 1.0 0.0 0.0 0.0 0 0 0 0 0 0 0.0 0.0 0.0 0.0 0 0 0 0
0 0 1969.0 408.0 1424.0 1992.0 0 0 0 0 0.0 0.0 0.0 0.0 0.0 0.0 0 0 0 0 0 0 0.0 0.0 0.0 0.0 0 0 0 0
0 0 2120.0 455.0 1518.0 1999.0 0 0 0 0 0.0 0.0 0.0 0.0 0.0 0.0 0 0 0 0 0 0 0.0 0.0 0.0 0.0 0 0 0 0
0 0 2091.0 389.0 1664.0 2102.0 0 0 0 0 0.0 0.0 0.0 0.0 0.0 0.0 0 0 0 0 0 0 0.0 0.0 0.0 0.0 0 0 0 0
0 0 2053.0 468.0 1636.0 1845.0 0 0 0 0 0.0 0.0 0.0 0.0 0.0 0.0 0 0 0 0 0 0 0.0 0.0 0.0 0.0 0 0 0 0
0 0 2079.0 402.0 1711.0 2028.0 0 0 0 0 0.0 0.0 0.0 0.0 0.0 0.0 0 0 0 0 0 0 0.0 0.0 0.0 0.0 0 0 0 0
0 0 2041.0 394.0 1476.0 2205.0 0 0 0 0 0.0 0.0 0.0 0.0 0.0 0.0 0 0 0 0 0 0 0.0 0.0 0.0 0.0 0 0 0 0
0 0 2073.0 396.0 1615.0 1915.0 0 0 0 0 0.0 0.0 0.0 0.0 0.0 0.0 0 0 0 0 0 0 0.0 0.0 0.0 0.0 0 0 0 0
0 0 2196.0 373.0 1472.0 2449.0 0 0 0 0 0.0 0.0 0.0 0.0 0.0 0.0 0 0 0 0 0 0 0.0 0.0 0.0 0.0 0 0 0 0
0 0 2025.0 368.0 1398.0 1997.0 0 0 0 0 0.0 0.0 0.0 0.0 0.0 0.0 0 0 0 0 0 0 0.0 0.0 0.0 0.0 0 0 0 0
0 0 1946.0 433.0 1578.0 2043.0 0 0 0 0 0.0 0.0 0.0 0.0 0.0 0.0 0 0 0 0 0 0 0.0 0.0 0.0 0.0 0 0 0 0
0 0 1974.0 438.0 1453.0 1948.0 0 0 0 0 0.0 0.0 0.0 0.0 0.0 0.0 0 0 0 0 0 0 0.0 0.0 0.0 0.0 0 0 0 0
0 0 2006.0 386.0 1392.0 2080.0 0 0 0 0 0.0 0.0 0.0 0.0 0.0 0.0 0 0 0 0 0 0 0.0 0.0 0.0 0.0 0 0 0 0
0 0 1973.0 411.0 1604.0 2106.0 0 0 0 0 0.0 0.0 0.0 0.0 0.0 0.0 0 0 0 0 0 0 0.0 0.0 0.0 0.0 0 0 0 0
0 0 2097.0 432.0 1686.0 2093.0 0 0 0 0 0.0 0.0 0.0 0.0 0.0 0.0 0 0 0 0 0 0 0.0 0.0 0.0 0.0 0 0 0 0
0 0 2103.0 407.0 1567.0 1890.0 0 0 0 0 0.0 0.0 0.0 0.0 0.0 0.0 0 0 0 0 0 0 0.0 0.0 0.0 0.0 0 0 0 0
0 0 2094.0 415.0 1455.0 1979.0 0 0 0 0 0.0 0.0 0.0 0.0 0.0 0.0 0 0 0 0 0 0 0.0 0.0 0.0 0.0 0 0 0 0
0 0 2168.0 390.0 1629.0 1968.0 0 0 0 0 0.0 0.0 0.0 0.0 0.0 0.0 0 0 0 0 0 0 0.0 0.0 0.0 0.0 0 0 0 0
0 0 2063.0 435.0 1452.0 2127.0 0 0 0 0 0.0 0.0 1.0 0.0 0.0 0.0 0 0 0 0 0 0 0.0 0.0 0.0 0.0 0 0 0 0
0 0 2108.0 441.0 1581.0 1996.0 0 0 0 0 0.0 0.0 0.0 0.0 0.0 0.0 0 0 0 0 0 0 0.0 0.0 0.0 0.0 0 0 0 0
0 0 2177.0 439.0 1657.0 2089.0 0 0 0 0 0.0 0.0 0.0 0.0 0.0 0.0 0 0 0 0 0 0 0.0 0.0 0.0 0.0 0 0 0 0
0 0 2025.0 399.0 1570.0 1880.0 0 0 0 0 0.0 0.0 0.0 0.0 0.0 0.0 0 0 0 0 0 0 0.0 0.0 0.0 0.0 0 0 0 0
0 0 2124.0 416.0 1663.0 2084.0 0 0 0 0 0.0 0.0 0.0 0.0 0.0 0.0 0 0 0 0 0 0 0.0 0.0 0.0 0.0 0 0 0 0
0 0 1999.0 351.0 1374.0 2005.0 0 0 0 0 0.0 0.0 0.0 0.0 0.0 0.0 0 0 0 0 0 0 0.0 0.0 0.0 0.0 0 0 0 0
0 0 2121.0 399.0 1432.0 2049.0 0 0 0 0 0.0 0.0 0.0 0.0 0.0 0.0 0 0 0 0 0 0 0.0 0.0 0.0 0.0 0 0 0 0
0 0 1994.0 454.0 1385.0 2128.0 0 0 0 0 0.0 0.0 0.0 0.0 0.0 0.0 0 0 0 0 0 0 0.0 0.0 0.0 0.0 0 0 0 0
0 0 2031.0 407.0 1571.0 1900.0 0 0 0 0 0.0 0.0 0.0 0.0 0.0 0.0 0 0 0 0 0 0 0.0 0.0 0.0 0.0 0 0 0 0
0 0 2126.0 419.0 1640.0 1959.0 0 0 0 0 0.0 0.0 1.0 0.0 0.0 0.0 0 0 0 0 0 0 0.0 0.0 0.0 0.0 0 0 0 0
0 0 2040.0 443.0 1359.0 1931.0 0 0 0 0 0.0 0.0 1.0 0.0 0.0 0.0 0 0 0 0 0 0 0.0 0.0 0.0 0.0 0 0 0 0
0 0 1991.0 423.0 1615.0 2046.0 0 0 0 0 0.0 0.0 1.0 0.0 0.0 0.0 0 0 0 0 0 0 0.0 0.0 0.0 0.0 0 0 0 0
0 0 2195.0 387.0 1534.0 1958.0 0 0 0 0 0.0 0.0 0.0 0.0 0.0 0.0 0 0 0 0 0 0 0.0 0.0 0.0 0.0 0 0 0 0
0 0 2104.0 435.0 1465.0 1949.0 0 0 0 0 0.0 0.0 0.0 0.0 0.0 0.0 0 0 0 0 0 0 0.0 0.0 0.0 0.0 0 0 0 0
0 0 2103.0 466.0 1500.0 1993.0 0 0 0 0 0.0 0.0 0.0 0.0 0.0 0.0 0 0 0 0 0 0 0.0 0.0 0.0 0.0 0 0 0 0
0 0 2075.0 408.0 1567.0 2010.0 0 0 0 0 0.0 0.0 1.0 0.0 0.0 0.0 0 0 0 0 0 0 0.0 0.0 0.0 0.0 0 0 0 0
0 0 2075.0 423.0 1527.0 2001.0 0 0 0 0 0.0 0.0 0.0 0.0 0.0 0.0 0 0 0 0 0 0 0.0 0.0 0.0 0.0 0 0 0 0
0 0 2044.0 385.0 1228.0 1823.0 0 0 0 0 0.0 0.0 1.0 0.0 0.0 0.0 0 0 0 0 0 0 0.0 0.0 0.0 0.0 0 0 0 0
0 0 2061.0 408.0 1478.0 1938.0 0 0 0 0 0.0 0.0 0.0 0.0 0.0 0.0 0 0 0 0 0 0 0.0 0.0 0.0 0.0 0 0 0 0
0 0 2098.0 412.0 1676.0 2019.0 0 0 0 0 0.0 0.0 0.0 0.0 0.0 0.0 0 0 0 0 0 0 0.0 0.0 0.0 0.0 0 0 0 0
0 0 2189.0 430.0 1494.0 2025.0 0 0 0 0 0.0 0.0 0.0 0.0 0.0 0.0 0 0 0 0 0 0 0.0 0.0 0.0 0.0 0 0 0 0
0 0 2111.0 442.0 1404.0 1976.0 0 0 0 0 0.0 0.0 1.0 0.0 0.0 0.0 0 0 0 0 0 0 0.0 0.0 0.0 0.0 0 0 0 0
0 0 2033.0 356.0 1285.0 2116.0 0 0 0 0 0.0 0.0 1.0 0.0 0.0 1.0 0 0 0 0 0 0 0.0 0.0 0.0 0.0 0 0 0 0
0 0 2046.0 377.0 1612.0 2019.0 0 0 0 0 0.0 0.0 0.0 0.0 0.0 0.0 0 0 0 0 0 0 0.0 0.0 0.0 0.0 0 0 0 0
0 0 2116.0 382.0 1657.0 2152.0 0 0 0 0 0.0 0.0 0.0 0.0 0.0 0.0 0 0 0 0 0 0 0.0 0.0 0.0 0.0 0 0 0 0
0 0 2061.0 412.0 1598.0 1925.0 0 0 0 0 0.0 0.0 0.0 0.0 0.0 0.0 0 0 0 0 0 0 0.0 0.0 0.0 0.0 0 0 0 0
0 0 2113.0 446.0 1571.0 2177.0 0 0 0 0 0.0 0.0 1.0 0.0 0.0 0.0 0 0 0 0 0 0 0.0 0.0 0.0 0.0 0 0 0 0
0 0 2095.0 460.0 1711.0 2085.0 0 0 0 0 0.0 0.0 0.0 0.0 0.0 1.0 0 0 0 0 0 0 0.0 0.0 0.0 0.0 0 0 0 0
0 0 2082.0 389.0 1623.0 1908.0 0 0 0 0 0.0 0.0 0.0 0.0 0.0 0.0 0 0 0 0 0 0 0.0 0.0 0.0 0.0 0 0 0 0
0 0 2055.0 453.0 1498.0 2058.0 0 0 0 0 0.0 0.0 1.0 0.0 0.0 0.0 0 0 0 0 0 0 0.0 0.0 0.0 0.0 0 0 0 0
0 0 2026.0 443.0 1236.0 1835.0 0 0 0 0 0.0 0.0 0.0 0.0 0.0 0.0 0 0 0 0 0 0 0.0 0.0 0.0 0.0 0 0 0 0
0 0 2040.0 421.0 1368.0 1748.0 0 0 0 0 0.0 0.0 0.0 0.0 0.0 0.0 0 0 0 0 0 0 0.0 0.0 0.0 0.0 0 0 0 0
0 0 2089.0 421.0 1482.0 1919.0 0 0 0 0 0.0 0.0 0.0 0.0 0.0 0.0 0 0 0 0 0 0 0.0 0.0 0.0 0.0 0 0 0 0
0 0 2123.0 413.0 1699.0 1893.0 0 0 0 0 0.0 1.0 0.0 0.0 0.0 0.0 0 0 0 0 0 0 0.0 0.0 0.0 0.0 0 0 0 0
0 0 2169.0 419.0 1567.0 1812.0 0 0 0 0 0.0 0.0 1.0 0.0 0.0 0.0 0 0 0 0 0 0 0.0 0.0 0.0 0.0 0 0 0 0
0 0 2206.0 376.0 1502.0 1767.0 0 0 0 0 0.0 0.0 0.0 0.0 0.0 0.0 0 0 0 0 0 0 0.0 0.0 0.0 0.0 0 0 0 0
0 0 1984.0 399.0 1425.0 1856.0 0 0 0 0 0.0 0.0 0.0 0.0 0.0 0.0 0 0 0 0 0 0 0.0 0.0 0.0 0.0 0 0 0 0
0 0 2145.0 429.0 1431.0 1802.0 0 0 0 0 0.0 0.0 0.0 0.0 0.0 0.0 0 0 0 0 0 0 0.0 0.0 0.0 0.0 0 0 0 0
0 0 2112.0 446.0 1378.0 1914.0 0 0 0 0 0.0 0.0 0.0 0.0 0.0 0.0 0 0 0 0 0 0 0.0 0.0 0.0 0.0 0 0 0 0
0 0 2106.0 403.0 1267.0 1777.0 0 0 0 0 0.0 0.0 0.0 0.0 0.0 0.0 0 0 0 0 0 0 0.0 0.0 0.0 0.0 0 0 0 0
0 0 2072.0 407.0 1485.0 1921.0 0 0 0 0 0.0 1.0 0.0 0.0 0.0 0.0 0 0 0 0 0 0 0.0 0.0 0.0 0.0 0 0 0 0
0 0 2068.0 443.0 1604.0 1798.0 0 0 0 0 0.0 0.0 0.0 0.0 0.0 0.0 0 0 0 0 0 0 0.0 0.0 0.0 0.0 0 0 0 0
0 0 2089.0 412.0 1430.0 1887.0 0 0 0 0 0.0 0.0 0.0 0.0 0.0 0.0 0 0 0 0 0 0 0.0 0.0 0.0 0.0 0 0 0 0
0 0 2122.0 401.0 1405.0 1949.0 0 0 0 0 0.0 1.0 0.0 0.0 0.0 0.0 0 0 0 0 0 0 0.0 0.0 0.0 0.0 0 0 0 0
0 0 2155.0 425.0 1601.0 1865.0 0 0 0 0 0.0 0.0 0.0 0.0 0.0 2.0 0 0 0 0 0 0 0.0 0.0 0.0 0.0 0 0 0 0
0 0 2055.0 404.0 1478.0 1914.0 0 0 0 0 0.0 0.0 0.0 0.0 0.0 0.0 0 0 0 0 0 0 0.0 0.0 0.0 0.0 0 0 0 0
0 0 2057.0 425.0 1702.0 1990.0 0 0 0 0 0.0 0.0 0.0 0.0 0.0 0.0 0 0 0 0 0 0 0.0 0.0 0.0 0.0 0 0 0 0
0 0 1998.0 381.0 1429.0 2147.0 0 0 0 0 0.0 0.0 0.0 0.0 0.0 0.0 0 0 0 0 0 0 0.0 0.0 0.0 0.0 0 0 0 0
0 0 2064.0 471.0 1643.0 1801.0 0 0 0 0 0.0 0.0 0.0 0.0 0.0 0.0 0 0 0 0 0 0 0.0 0.0 0.0 0.0 0 0 0 0
0 0 2058.0 431.0 1579.0 1787.0 0 0 0 0 0.0 0.0 0.0 0.0 0.0 0.0 0 0 0 0 0 0 0.0 0.0 0.0 0.0 0 0 0 0
0 0 2064.0 419.0 1551.0 2095.0 0 0 0 0 0.0 0.0 1.0 0.0 0.0 0.0 0 0 0 0 0 0 0.0 0.0 0.0 0.0 0 0 0 0
0 0 2006.0 453.0 1604.0 1967.0 0 0 0 0 0.0 0.0 0.0 0.0 0.0 0.0 0 0 0 0 0 0 0.0 0.0 0.0 0.0 0 0 0 0
0 0 2041.0 461.0 1490.0 2168.0 0 0 0 0 0.0 0.0 0.0 0.0 0.0 0.0 0 0 0 0 0 0 0.0 0.0 0.0 0.0 0 0 0 0
0 0 2100.0 476.0 1263.0 1890.0 0 0 0 0 0.0 1.0 0.0 0.0 0.0 0.0 0 0 0 0 0 0 0.0 0.0 0.0 0.0 0 0 0 0
0 0 2152.0 376.0 1644.0 1948.0 0 0 0 0 0.0 0.0 0.0 0.0 0.0 0.0 0 0 0 0 0 0 0.0 0.0 0.0 0.0 0 0 0 0
0 0 2017.0 428.0 1635.0 1946.0 0 0 0 0 0.0 0.0 0.0 0.0 0.0 0.0 0 0 0 0 0 0 0.0 0.0 0.0 0.0 0 0 0 0
0 0 2057.0 439.0 1502.0 2143.0 0 0 0 0 0.0 0.0 0.0 0.0 0.0 0.0 0 0 0 0 0 0 0.0 0.0 0.0 0.0 0 0 0 0
0 0 2057.0 457.0 1570.0 1894.0 0 0 0 0 0.0 0.0 0.0 0.0 0.0 0.0 0 0 0 0 0 0 0.0 0.0 0.0 0.0 0 0 0 0
0 0 2185.0 402.0 1410.0 2118.0 0 0 0 0 0.0 1.0 0.0 0.0 0.0 0.0 0 0 0 0 0 0 0.0 0.0 0.0 0.0 0 0 0 0
0 0 2082.0 395.0 1669.0 2116.0 0 0 0 0 0.0 0.0 0.0 0.0 0.0 0.0 0 0 0 0 0 0 0.0 0.0 0.0 0.0 0 0 0 0
0 0 2037.0 412.0 1471.0 1986.0 0 0 0 0 0.0 0.0 0.0 0.0 0.0 0.0 0 0 0 0 0 0 0.0 0.0 0.0 0.0 0 0 0 0
0 0 2137.0 392.0 1500.0 2084.0 0 0 0 0 0.0 0.0 0.0 0.0 0.0 0.0 0 0 0 0 0 0 0.0 0.0 0.0 0.0 0 0 0 0
0 0 2133.0 431.0 1528.0 1837.0 0 0 0 0 0.0 1.0 0.0 0.0 0.0 0.0 0 0 0 0 0 0 0.0 0.0 0.0 0.0 0 0 0 0
0 0 2091.0 432.0 1498.0 1999.0 0 0 0 0 0.0 0.0 0.0 0.0 0.0 0.0 0 0 0 0 0 0 0.0 0.0 0.0 0.0 0 0 0 0
0 0 2071.0 409.0 1513.0 1970.0 0 0 0 0 0.0 0.0 0.0 0.0 0.0 0.0 0 0 0 0 0 0 0.0 0.0 0.0 0.0 0 0 0 0
0 0 2056.0 429.0 1487.0 1877.0 0 0 0 0 0.0 0.0 0.0 0.0 0.0 1.0 0 0 0 0 0 0 0.0 0.0 0.0 0.0 0 0 0 0
0 0 2205.0 427.0 1445.0 1938.0 0 0 0 0 0.0 0.0 0.0 0.0 0.0 0.0 0 0 0 0 0 0 0.0 0.0 0.0 0.0 0 0 0 0
0 0 2066.0 401.0 1618.0 1832.0 0 0 0 0 0.0 0.0 0.0 0.0 0.0 0.0 0 0 0 0 0 0 0.0 0.0 0.0 0.0 0 0 0 0
0 0 2176.0 345.0 1527.0 1865.0 0 0 0 0 0.0 0.0 0.0 0.0 0.0 0.0 0 0 0 0 0 0 0.0 0.0 0.0 0.0 0 0 0 0
0 0 2057.0 367.0 1697.0 2064.0 0 0 0 0 0.0 0.0 0.0 0.0 0.0 0.0 0 0 0 0 0 0 0.0 0.0 0.0 0.0 0 0 0 0
0 0 2164.0 395.0 1604.0 1875.0 0 0 0 0 0.0 0.0 1.0 0.0 0.0 0.0 0 0 0 0 0 0 0.0 0.0 0.0 0.0 0 0 0 0
0 0 2134.0 421.0 1522.0 1924.0 0 0 0 0 0.0 1.0 0.0 0.0 0.0 0.0 0 0 0 0 0 0 0.0 0.0 0.0 0.0 0 0 0 0
0 0 2109.0 390.0 1658.0 1866.0 0 0 0 0 0.0 0.0 1.0 0.0 0.0 0.0 0 0 0 0 0 0 0.0 0.0 0.0 0.0 0 0 0 0
0 0 2035.0 407.0 1434.0 2093.0 0 0 0 0 0.0 0.0 0.0 0.0 0.0 0.0 0 0 0 0 0 0 0.0 0.0 0.0 0.0 0 0 0 0
0 0 2063.0 448.0 1727.0 2040.0 0 0 0 0 0.0 0.0 0.0 0.0 0.0 0.0 0 0 0 0 0 0 0.0 0.0 0.0 0.0 0 0 0 0
0 0 2054.0 393.0 1595.0 1832.0 0 0 0 0 0.0 0.0 0.0 0.0 0.0 0.0 0 0 0 0 0 0 0.0 0.0 0.0 0.0 0 0 0 0
0 0 2082.0 366.0 1591.0 1865.0 0 0 0 0 0.0 0.0 0.0 0.0 0.0 0.0 0 0 0 0 0 0 0.0 0.0 0.0 0.0 0 0 0 0
0 0 2199.0 382.0 1554.0 2090.0 0 0 0 0 0.0 0.0 0.0 0.0 0.0 0.0 0 0 0 0 0 0 0.0 0.0 0.0 0.0 0 0 0 0
0 0 2167.0 381.0 1488.0 1954.0 0 0 0 0 0.0 1.0 0.0 0.0 0.0 0.0 0 0 0 0 0 0 0.0 0.0 0.0 0.0 0 0 0 0
0 0 2250.0 442.0 1825.0 2205.0 0 0 0 0 0.0 0.0 1.0 0.0 0.0 0.0 0 0 0 0 0 0 0.0 0.0 0.0 0.0 0 0 0 0
0 0 2050.0 387.0 1627.0 2055.0 0 0 0 0 0.0 1.0 0.0 0.0 0.0 0.0 0 0 0 0 0 0 0.0 0.0 0.0 0.0 0 0 0 0
0 0 2141.0 381.0 1664.0 1969.0 0 0 0 0 0.0 0.0 0.0 0.0 0.0 0.0 0 0 0 0 0 0 0.0 0.0 0.0 0.0 0 0 0 0
0 0 2141.0 385.0 1447.0 2042.0 0 0 0 0 0.0 0.0 0.0 0.0 0.0 0.0 0 0 0 0 0 0 0.0 0.0 0.0 0.0 0 0 0 0
0 0 2075.0 394.0 1240.0 2009.0 0 0 0 0 0.0 0.0 1.0 0.0 0.0 0.0 0 0 0 0 0 0 0.0 0.0 0.0 0.0 0 0 0 0
0 0 2080.0 409.0 1381.0 1958.0 0 0 0 0 0.0 0.0 0.0 0.0 0.0 0.0 0 0 0 0 0 0 0.0 0.0 0.0 0.0 0 0 0 0
0 0 2141.0 412.0 1381.0 1950.0 0 0 0 0 0.0 0.0 0.0 0.0 0.0 0.0 0 0 0 0 0 0 0.0 0.0 0.0 0.0 0 0 0 0
0 0 2115.0 442.0 1458.0 1911.0 0 0 0 0 0.0 0.0 0.0 0.0 0.0 0.0 0 0 0 0 0 0 0.0 0.0 0.0 0.0 0 0 0 0
0 0 2100.0 403.0 1435.0 1843.0 0 0 0 0 0.0 0.0 0.0 0.0 0.0 0.0 0 0 0 0 0 0 0.0 0.0 0.0 0.0 0 0 0 0
0 0 2083.0 436.0 1487.0 1851.0 0 0 0 0 0.0 0.0 0.0 0.0 0.0 0.0 0 0 0 0 0 0 0.0 0.0 0.0 0.0 0 0 0 0
0 0 2104.0 445.0 1512.0 1928.0 0 0 0 0 0.0 0.0 0.0 0.0 0.0 0.0 0 0 0 0 0 0 0.0 0.0 0.0 0.0 0 0 0 0
0 0 2126.0 371.0 1410.0 1843.0 0 0 0 0 0.0 1.0 0.0 0.0 0.0 0.0 0 0 0 0 0 0 0.0 0.0 0.0 0.0 0 0 0 0
0 0 2032.0 399.0 1482.0 2094.0 0 0 0 0 0.0 0.0 0.0 0.0 0.0 0.0 0 0 0 0 0 0 0.0 0.0 0.0 0.0 0 0 0 0
0 0 2211.0 386.0 1554.0 1959.0 0 0 0 0 0.0 0.0 1.0 0.0 0.0 0.0 0 0 0 0 0 0 0.0 0.0 0.0 0.0 0 0 0 0
0 0 2028.0 441.0 1389.0 1932.0 0 0 0 0 0.0 1.0 0.0 0.0 0.0 0.0 0 0 0 0 0 0 0.0 0.0 0.0 0.0 0 0 0 0
0 0 2033.0 427.0 1651.0 1839.0 0 0 0 0 0.0 0.0 0.0 0.0 0.0 0.0 0 0 0 0 0 0 0.0 0.0 0.0 0.0 0 0 0 0
0 0 1999.0 406.0 1495.0 2129.0 0 0 0 0 0.0 0.0 0.0 0.0 0.0 0.0 0 0 0 0 0 0 0.0 0.0 0.0 0.0 0 0 0 0
0 0 2077.0 417.0 1204.0 1996.0 0 0 0 0 0.0 0.0 0.0 0.0 0.0 0.0 0 0 0 0 0 0 0.0 0.0 0.0 0.0 0 0 0 0
0 0 2126.0 392.0 1706.0 2122.0 0 0 0 0 0.0 0.0 1.0 0.0 0.0 0.0 0 0 0 0 0 0 0.0 0.0 0.0 0.0 0 0 0 0
0 0 2024.0 392.0 1730.0 1843.0 0 0 0 0 0.0 0.0 0.0 0.0 0.0 0.0 0 0 0 0 0 0 0.0 0.0 0.0 0.0 0 0 0 0
0 0 2066.0 424.0 1643.0 1897.0 0 0 0 0 0.0 0.0 0.0 0.0 0.0 0.0 0 0 0 0 0 0 0.0 0.0 0.0 0.0 0 0 0 0
0 0 2025.0 444.0 1727.0 2012.0 0 0 0 0 0.0 0.0 0.0 0.0 0.0 0.0 0 0 0 0 0 0 0.0 0.0 0.0 0.0 0 0 0 0
0 0 2139.0 364.0 1591.0 2097.0 0 0 0 0 0.0 1.0 0.0 0.0 0.0 0.0 0 0 0 0 0 0 0.0 0.0 0.0 0.0 0 0 0 0
0 0 2039.0 364.0 1589.0 2037.0 0 0 0 0 0.0 0.0 2.0 0.0 0.0 0.0 0 0 0 0 0 0 0.0 0.0 0.0 0.0 0 0 0 0
0 0 2082.0 410.0 1657.0 1733.0 0 0 0 0 0.0 0.0 1.0 0.0 0.0 0.0 0 0 0 0 0 0 0.0 0.0 0.0 0.0 0 0 0 0
0 0 2171.0 372.0 1597.0 2305.0 0 0 0 0 0.0 0.0 0.0 0.0 0.0 0.0 0 0 0 0 0 0 0.0 0.0 0.0 0.0 0 0 0 0
0 0 2068.0 349.0 1426.0 2087.0 0 0 0 0 0.0 0.0 0.0 0.0 0.0 0.0 0 0 0 0 0 0 0.0 0.0 0.0 0.0 0 0 0 0
0 0 2047.0 412.0 1378.0 2044.0 0 0 0 0 0.0 0.0 1.0 0.0 0.0 0.0 0 0 0 0 0 0 0.0 0.0 0.0 0.0 0 0 0 0
0 0 2045.0 416.0 1539.0 1925.0 0 0 0 0 0.0 0.0 1.0 0.0 0.0 0.0 0 0 0 0 0 0 0.0 0.0 0.0 0.0 0 0 0 0
0 0 2129.0 350.0 1612.0 1835.0 0 0 0 0 0.0 0.0 0.0 0.0 0.0 2.0 0 0 0 0 0 0 0.0 0.0 0.0 0.0 0 0 0 0
0 0 2156.0 461.0 1587.0 1883.0 0 0 0 0 0.0 0.0 0.0 0.0 0.0 0.0 0 0 0 0 0 0 0.0 0.0 0.0 0.0 0 0 0 0
0 0 2029.0 475.0 1601.0 1793.0 0 0 0 0 0.0 0.0 0.0 0.0 0.0 1.0 0 0 0 0 0 0 0.0 0.0 0.0 0.0 0 0 0 0
0 0 2096.0 379.0 1470.0 1833.0 0 0 0 0 0.0 0.0 0.0 0.0 0.0 0.0 0 0 0 0 0 0 0.0 0.0 0.0 0.0 0 0 0 0
0 0 2136.0 371.0 1443.0 2017.0 0 0 0 0 0.0 0.0 0.0 0.0 0.0 0.0 0 0 0 0 0 0 0.0 0.0 0.0 0.0 0 0 0 0
0 0 2132.0 433.0 1631.0 2176.0 0 0 0 0 0.0 0.0 0.0 0.0 0.0 0.0 0 0 0 0 0 0 0.0 0.0 0.0 0.0 0 0 0 0
0 0 2069.0 394.0 1489.0 1951.0 0 0 0 0 0.0 0.0 0.0 0.0 0.0 0.0 0 0 0 0 0 0 0.0 0.0 0.0 0.0 0 0 0 0
0 0 2196.0 417.0 1585.0 2142.0 0 0 0 0 0.0 0.0 0.0 0.0 0.0 0.0 0 0 0 0 0 0 0.0 0.0 0.0 0.0 0 0 0 0
0 0 2175.0 409.0 1569.0 1888.0 0 0 0 0 0.0 0.0 0.0 0.0 0.0 1.0 0 0 0 0 0 0 0.0 0.0 0.0 0.0 0 0 0 0
0 0 2129.0 431.0 1419.0 2021.0 0 0 0 0 0.0 0.0 0.0 0.0 0.0 0.0 0 0 0 0 0 0 0.0 0.0 0.0 0.0 0 0 0 0
0 0 2074.0 379.0 1493.0 1965.0 0 0 0 0 0.0 0.0 0.0 0.0 0.0 0.0 0 0 0 0 0 0 0.0 0.0 0.0 0.0 0 0 0 0
0 0 2187.0 352.0 1336.0 1825.0 0 0 0 0 0.0 0.0 0.0 0.0 0.0 0.0 0 0 0 0 0 0 0.0 0.0 0.0 0.0 0 0 0 0
0 0 2177.0 393.0 1534.0 1927.0 0 0 0 0 0.0 0.0 0.0 0.0 0.0 0.0 0 0 0 0 0 0 0.0 0.0 0.0 0.0 0 0 0 0
0 0 2122.0 426.0 1593.0 2058.0 0 0 0 0 0.0 0.0 2.0 0.0 0.0 0.0 0 0 0 0 0 0 0.0 0.0 0.0 0.0 0 0 0 0
0 0 2091.0 416.0 1675.0 2035.0 0 0 0 0 0.0 0.0 1.0 0.0 0.0 0.0 0 0 0 0 0 0 0.0 0.0 0.0 0.0 0 0 0 0
0 0 2089.0 437.0 1601.0 1978.0 0 0 0 0 0.0 0.0 0.0 0.0 0.0 0.0 0 0 0 0 0 0 0.0 0.0 0.0 0.0 0 0 0 0
0 0 2071.0 419.0 1658.0 1934.0 0 0 0 0 0.0 0.0 0.0 0.0 0.0 0.0 0 0 0 0 0 0 0.0 0.0 0.0 0.0 0 0 0 0
0 0 2009.0 419.0 1551.0 2097.0 0 0 0 0 0.0 0.0 0.0 0.0 0.0 0.0 0 0 0 0 0 0 0.0 0.0 0.0 0.0 0 0 0 0
0 0 2070.0 430.0 1631.0 2023.0 0 0 0 0 0.0 0.0 0.0 0.0 0.0 1.0 0 0 0 0 0 0 0.0 0.0 0.0 0.0 0 0 0 0
0 0 1977.0 431.0 1378.0 1860.0 0 0 0 0 0.0 0.0 0.0 0.0 0.0 0.0 0 0 0 0 0 0 0.0 0.0 0.0 0.0 0 0 0 0
0 0 2032.0 436.0 1303.0 1944.0 0 0 0 0 0.0 0.0 0.0 0.0 0.0 0.0 0 0 0 0 0 0 0.0 0.0 0.0 0.0 0 0 0 0
0 0 2124.0 400.0 1492.0 1856.0 0 0 0 0 0.0 0.0 0.0 0.0 0.0 0.0 0 0 0 0 0 0 0.0 0.0 0.0 0.0 0 0 0 0
0 0 2120.0 448.0 1467.0 2029.0 0 0 0 0 0.0 0.0 0.0 0.0 0.0 0.0 0 0 0 0 0 0 0.0 0.0 0.0 0.0 0 0 0 0
0 0 1991.0 410.0 1407.0 1968.0 0 0 0 0 0.0 0.0 0.0 0.0 0.0 0.0 0 0 0 0 0 0 0.0 0.0 0.0 0.0 0 0 0 0
0 0 2039.0 433.0 1542.0 2018.0 0 0 0 0 0.0 0.0 0.0 0.0 0.0 1.0 0 0 0 0 0 0 0.0 0.0 0.0 0.0 0 0 0 0
0 0 2132.0 398.0 1532.0 1946.0 0 0 0 0 0.0 0.0 1.0 0.0 0.0 0.0 0 0 0 0 0 0 0.0 0.0 0.0 0.0 0 0 0 0
0 0 2006.0 406.0 1441.0 1793.0 0 0 0 0 0.0 0.0 0.0 0.0 0.0 0.0 0 0 0 0 0 0 0.0 0.0 0.0 0.0 0 0 0 0
0 0 2108.0 401.0 1592.0 2235.0 0 0 0 0 0.0 0.0 0.0 0.0 0.0 0.0 0 0 0 0 0 0 0.0 0.0 0.0 0.0 0 0 0 0
0 0 2101.0 411.0 1490.0 1895.0 0 0 0 0 0.0 0.0 0.0 0.0 0.0 0.0 0 0 0 0 0 0 0.0 0.0 0.0 0.0 0 0 0 0
0 0 2037.0 419.0 1705.0 2084.0 0 0 0 0 0.0 0.0 1.0 0.0 0.0 0.0 0 0 0 0 0 0 0.0 0.0 0.0 0.0 0 0 0 0
0 0 2014.0 422.0 1613.0 2149.0 0 0 0 0 0.0 0.0 0.0 0.0 0.0 0.0 0 0 0 0 0 0 0.0 0.0 0.0 0.0 0 0 0 0
0 0 2047.0 398.0 1482.0 2208.0 0 0 0 0 0.0 0.0 0.0 0.0 0.0 0.0 0 0 0 0 0 0 0.0 0.0 0.0 0.0 0 0 0 0
0 0 2074.0 381.0 1551.0 1937.0 0 0 0 0 0.0 0.0 1.0 0.0 0.0 0.0 0 0 0 0 0 0 0.0 0.0 0.0 0.0 0 0 0 0
0 0 2052.0 433.0 1573.0 1919.0 0 0 0 0 0.0 0.0 0.0 0.0 0.0 0.0 0 0 0 0 0 0 0.0 0.0 0.0 0.0 0 0 0 0
0 0 2066.0 418.0 1609.0 2042.0 0 0 0 0 0.0 0.0 0.0 0.0 0.0 0.0 0 0 0 0 0 0 0.0 0.0 0.0 0.0 0 0 0 0
0 0 2036.0 400.0 1596.0 1850.0 0 0 0 0 0.0 0.0 0.0 0.0 0.0 0.0 0 0 0 0 0 0 0.0 0.0 0.0 0.0 0 0 0 0
0 0 2023.0 400.0 1399.0 2144.0 0 0 0 0 0.0 0.0 0.0 0.0 0.0 0.0 0 0 0 0 0 0 0.0 0.0 0.0 0.0 0 0 0 0
0 0 2117.0 386.0 1406.0 2019.0 0 0 0 0 0.0 0.0 0.0 0.0 0.0 0.0 0 0 0 0 0 0 0.0 0.0 0.0 0.0 0 0 0 0
0 0 2112.0 434.0 1445.0 1891.0 0 0 0 0 0.0 0.0 0.0 0.0 0.0 0.0 0 0 0 0 0 0 0.0 0.0 0.0 0.0 0 0 0 0
0 0 2140.0 426.0 1507.0 1854.0 0 0 0 0 0.0 0.0 1.0 0.0 0.0 0.0 0 0 0 0 0 0 0.0 0.0 0.0 0.0 0 0 0 0
0 0 2085.0 403.0 1693.0 2099.0 0 0 0 0 0.0 0.0 0.0 0.0 0.0 0.0 0 0 0 0 0 0 0.0 0.0 0.0 0.0 0 0 0 0
0 0 1972.0 362.0 1524.0 2073.0 0 0 0 0 0.0 0.0 0.0 0.0 0.0 0.0 0 0 0 0 0 0 0.0 0.0 0.0 0.0 0 0 0 0
0 0 2214.0 414.0 1639.0 1969.0 0 0 0 0 0.0 0.0 0.0 0.0 0.0 0.0 0 0 0 0 0 0 0.0 0.0 0.0 0.0 0 0 0 0
0 0 1977.0 396.0 1424.0 2098.0 0 0 0 0 0.0 0.0 0.0 0.0 0.0 0.0 0 0 0 0 0 0 0.0 0.0 0.0 0.0 0 0 0 0
0 0 2037.0 450.0 1403.0 2010.0 0 0 0 0 0.0 0.0 0.0 0.0 0.0 0.0 0 0 0 0 0 0 0.0 0.0 0.0 0.0 0 0 0 0
0 0 2129.0 440.0 1554.0 1966.0 0 0 0 0 0.0 0.0 1.0 0.0 0.0 0.0 0 0 0 0 0 0 0.0 0.0 0.0 0.0 0 0 0 0
0 0 2112.0 468.0 1494.0 1716.0 0 0 0 0 0.0 0.0 0.0 0.0 0.0 0.0 0 0 0 0 0 0 0.0 0.0 0.0 0.0 0 0 0 0
0 0 2075.0 398.0 1595.0 1900.0 0 0 0 0 0.0 0.0 0.0 0.0 0.0 0.0 0 0 0 0 0 0 0.0 0.0 0.0 0.0 0 0 0 0
0 0 2056.0 476.0 1522.0 2039.0 0 0 0 0 0.0 0.0 0.0 0.0 0.0 0.0 0 0 0 0 0 0 0.0 0.0 0.0 0.0 0 0 0 0
0 0 2153.0 332.0 1430.0 2185.0 0 0 0 0 0.0 0.0 0.0 0.0 0.0 0.0 0 0 0 0 0 0 0.0 0.0 0.0 0.0 0 0 0 0
0 0 2069.0 416.0 1531.0 2103.0 0 0 0 0 0.0 0.0 0.0 0.0 0.0 0.0 0 0 0 0 0 0 0.0 0.0 0.0 0.0 0 0 0 0
0 0 2046.0 415.0 1622.0 2121.0 0 0 0 0 0.0 0.0 0.0 0.0 0.0 0.0 0 0 0 0 0 0 0.0 0.0 0.0 0.0 0 0 0 0
0 0 2147.0 407.0 1404.0 2075.0 0 0 0 0 0.0 0.0 0.0 0.0 0.0 0.0 0 0 0 0 0 0 0.0 0.0 0.0 0.0 0 0 0 0
0 0 1992.0 501.0 1552.0 1998.0 0 0 0 0 0.0 0.0 0.0 0.0 0.0 0.0 0 0 0 0 0 0 0.0 0.0 0.0 0.0 0 0 0 0
0 0 2068.0 388.0 1618.0 2016.0 0 0 0 0 0.0 0.0 0.0 0.0 0.0 0.0 0 0 0 0 0 0 0.0 0.0 0.0 0.0 0 0 0 0
0 0 2061.0 439.0 1588.0 2147.0 0 0 0 0 0.0 0.0 0.0 0.0 0.0 0.0 0 0 0 0 0 0 0.0 0.0 0.0 0.0 0 0 0 0
0 0 2056.0 381.0 1655.0 1916.0 0 0 0 0 0.0 0.0 0.0 0.0 0.0 0.0 0 0 0 0 0 0 0.0 0.0 0.0 0.0 0 0 0 0
0 0 2068.0 394.0 1422.0 2072.0 0 0 0 0 0.0 0.0 0.0 0.0 0.0 0.0 0 0 0 0 0 0 0.0 0.0 0.0 0.0 0 0 0 0
0 0 2039.0 474.0 1689.0 1978.0 0 0 0 0 0.0 0.0 0.0 0.0 0.0 0.0 0 0 0 0 0 0 0.0 0.0 0.0 0.0 0 0 0 0
0 0 2042.0 438.0 1609.0 2046.0 0 0 0 0 0.0 0.0 1.0 0.0 0.0 0.0 0 0 0 0 0 0 0.0 0.0 0.0 0.0 0 0 0 0
0 0 2040.0 416.0 1325.0 2151.0 0 0 0 0 0.0 0.0 1.0 0.0 0.0 1.0 0 0 0 0 0 0 0.0 0.0 0.0 0.0 0 0 0 0
0 0 2017.0 420.0 1580.0 2047.0 0 0 0 0 0.0 0.0 0.0 0.0 0.0 0.0 0 0 0 0 0 0 0.0 0.0 0.0 0.0 0 0 0 0
0 0 2097.0 414.0 1530.0 2139.0 0 0 0 0 0.0 1.0 0.0 0.0 0.0 0.0 0 0 0 0 0 0 0.0 0.0 0.0 0.0 0 0 0 0
0 0 2077.0 362.0 1567.0 2178.0 0 0 0 0 0.0 0.0 0.0 0.0 0.0 0.0 0 0 0 0 0 0 0.0 0.0 0.0 0.0 0 0 0 0
0 0 1886.0 439.0 1667.0 1985.0 0 0 0 0 0.0 0.0 0.0 0.0 0.0 0.0 0 0 0 0 0 0 0.0 0.0 0.0 0.0 0 0 0 0
0 0 1992.0 375.0 1594.0 2085.0 0 0 0 0 0.0 0.0 1.0 0.0 0.0 0.0 0 0 0 0 0 0 0.0 0.0 0.0 0.0 0 0 0 0
0 0 1932.0 383.0 1484.0 2102.0 0 0 0 0 0.0 0.0 1.0 0.0 0.0 0.0 0 0 0 0 0 0 0.0 0.0 0.0 0.0 0 0 0 0
0 0 2074.0 415.0 1544.0 2260.0 0 0 0 0 0.0 0.0 0.0 0.0 0.0 0.0 0 0 0 0 0 0 0.0 0.0 0.0 0.0 0 0 0 0
0 0 1987.0 402.0 1339.0 2025.0 0 0 0 0 0.0 0.0 1.0 0.0 0.0 0.0 0 0 0 0 0 0 0.0 0.0 0.0 0.0 0 0 0 0
0 0 2082.0 370.0 1438.0 1980.0 0 0 0 0 0.0 0.0 0.0 0.0 0.0 0.0 0 0 0 0 0 0 0.0 0.0 0.0 0.0 0 0 0 0
0 0 2032.0 385.0 1428.0 2015.0 0 0 0 0 0.0 0.0 0.0 0.0 0.0 0.0 0 0 0 0 0 0 0.0 0.0 0.0 0.0 0 0 0 0
0 0 2064.0 412.0 1505.0 2022.0 0 0 0 0 0.0 0.0 0.0 0.0 0.0 0.0 0 0 0 0 0 0 0.0 0.0 0.0 0.0 0 0 0 0
0 0 2093.0 437.0 1507.0 1911.0 0 0 0 0 0.0 0.0 0.0 0.0 0.0 0.0 0 0 0 0 0 0 0.0 0.0 0.0 0.0 0 0 0 0
0 0 2168.0 359.0 1687.0 1945.0 0 0 0 0 0.0 0.0 0.0 0.0 0.0 0.0 0 0 0 0 0 0 0.0 0.0 0.0 0.0 0 0 0 0
0 0 2105.0 384.0 1581.0 2034.0 0 0 0 0 0.0 0.0 0.0 0.0 0.0 0.0 0 0 0 0 0 0 0.0 0.0 0.0 0.0 0 0 0 0
0 0 2039.0 414.0 1341.0 2049.0 0 0 0 0 0.0 0.0 0.0 0.0 0.0 0.0 0 0 0 0 0 0 0.0 0.0 0.0 0.0 0 0 0 0
0 0 2142.0 387.0 1573.0 1985.0 0 0 0 0 0.0 0.0 0.0 0.0 0.0 0.0 0 0 0 0 0 0 0.0 0.0 0.0 0.0 0 0 0 0
0 0 2143.0 382.0 1517.0 2081.0 0 0 0 0 0.0 0.0 0.0 0.0 0.0 0.0 0 0 0 0 0 0 0.0 0.0 0.0 0.0 0 0 0 0
0 0 2160.0 366.0 1459.0 1899.0 0 0 0 0 0.0 0.0 0.0 0.0 0.0 1.0 0 0 0 0 0 0 0.0 0.0 0.0 0.0 0 0 0 0
0 0 2115.0 416.0 1465.0 2024.0 0 0 0 0 0.0 0.0 0.0 0.0 0.0 1.0 0 0 0 0 0 0 0.0 0.0 0.0 0.0 0 0 0 0
0 0 2084.0 417.0 1575.0 2087.0 0 0 0 0 0.0 0.0 0.0 0.0 0.0 0.0 0 0 0 0 0 0 0.0 0.0 0.0 0.0 0 0 0 0
0 0 2041.0 417.0 1441.0 2033.0 0 0 0 0 0.0 0.0 0.0 0.0 0.0 0.0 0 0 0 0 0 0 0.0 0.0 0.0 0.0 0 0 0 0
0 0 1995.0 356.0 1593.0 1932.0 0 0 0 0 0.0 0.0 0.0 0.0 0.0 0.0 0 0 0 0 0 0 0.0 0.0 0.0 0.0 0 0 0 0
0 0 1999.0 426.0 1666.0 1795.0 0 0 0 0 0.0 0.0 0.0 0.0 0.0 0.0 0 0 0 0 0 0 0.0 0.0 0.0 0.0 0 0 0 0
0 0 2110.0 403.0 1452.0 1923.0 0 0 0 0 0.0 0.0 0.0 0.0 0.0 0.0 0 0 0 0 0 0 0.0 0.0 0.0 0.0 0 0 0 0
0 0 2197.0 387.0 1462.0 2058.0 0 0 0 0 0.0 0.0 1.0 0.0 0.0 0.0 0 0 0 0 0 0 0.0 0.0 0.0 0.0 0 0 0 0
0 0 2074.0 412.0 1483.0 1975.0 0 0 0 0 0.0 1.0 0.0 0.0 0.0 0.0 0 0 0 0 0 0 0.0 0.0 0.0 0.0 0 0 0 0
0 0 2035.0 415.0 1432.0 1915.0 0 0 0 0 0.0 1.0 0.0 0.0 0.0 0.0 0 0 0 0 0 0 0.0 0.0 0.0 0.0 0 0 0 0
0 0 2027.0 371.0 1703.0 2131.0 0 0 0 0 0.0 0.0 0.0 0.0 0.0 0.0 0 0 0 0 0 0 0.0 0.0 0.0 0.0 0 0 0 0
0 0 2028.0 410.0 1465.0 2032.0 0 0 0 0 0.0 0.0 0.0 0.0 0.0 0.0 0 0 0 0 0 0 0.0 0.0 0.0 0.0 0 0 0 0
0 0 2092.0 441.0 1698.0 1991.0 0 0 0 0 0.0 0.0 0.0 0.0 0.0 0.0 0 0 0 0 0 0 0.0 0.0 0.0 0.0 0 0 0 0
0 0 2061.0 412.0 1579.0 2024.0 0 0 0 0 0.0 0.0 0.0 0.0 0.0 0.0 0 0 0 0 0 0 0.0 0.0 0.0 0.0 0 0 0 0
0 0 2120.0 396.0 1598.0 2034.0 0 0 0 0 0.0 0.0 0.0 0.0 0.0 0.0 0 0 0 0 0 0 0.0 0.0 0.0 0.0 0 0 0 0
0 0 2071.0 407.0 1598.0 2060.0 0 0 0 0 0.0 0.0 0.0 0.0 0.0 0.0 0 0 0 0 0 0 0.0 0.0 0.0 0.0 0 0 0 0
0 0 2050.0 381.0 1503.0 1967.0 0 0 0 0 0.0 0.0 0.0 0.0 0.0 0.0 0 0 0 0 0 0 0.0 0.0 0.0 0.0 0 0 0 0
0 0 1927.0 375.0 1706.0 2011.0 0 0 0 0 0.0 0.0 0.0 0.0 0.0 0.0 0 0 0 0 0 0 0.0 0.0 0.0 0.0 0 0 0 0
0 0 2022.0 405.0 1555.0 1951.0 0 0 0 0 0.0 0.0 1.0 0.0 0.0 0.0 0 0 0 0 0 0 0.0 0.0 0.0 0.0 0 0 0 0
0 0 1995.0 382.0 1684.0 1992.0 0 0 0 0 0.0 0.0 0.0 0.0 0.0 1.0 0 0 0 0 0 0 0.0 0.0 0.0 0.0 0 0 0 0
0 0 2046.0 433.0 1401.0 1994.0 0 0 0 0 0.0 0.0 0.0 0.0 0.0 0.0 0 0 0 0 0 0 0.0 0.0 0.0 0.0 0 0 0 0
0 0 1983.0 392.0 1647.0 2043.0 0 0 0 0 0.0 0.0 0.0 0.0 0.0 0.0 0 0 0 0 0 0 0.0 0.0 0.0 0.0 0 0 0 0
0 0 2053.0 365.0 1377.0 2220.0 0 0 0 0 0.0 0.0 0.0 0.0 0.0 0.0 0 0 0 0 0 0 0.0 0.0 0.0 0.0 0 0 0 0
0 0 1950.0 456.0 1650.0 2028.0 0 0 0 0 0.0 0.0 1.0 0.0 0.0 0.0 0 0 0 0 0 0 0.0 0.0 0.0 0.0 0 0 0 0
0 0 2011.0 441.0 1632.0 2085.0 0 0 0 0 0.0 0.0 0.0 0.0 0.0 0.0 0 0 0 0 0 0 0.0 0.0 0.0 0.0 0 0 0 0
0 0 1991.0 405.0 1666.0 2095.0 0 0 0 0 0.0 0.0 0.0 0.0 0.0 1.0 0 0 0 0 0 0 0.0 0.0 0.0 0.0 0 0 0 0
0 0 1955.0 398.0 1529.0 2307.0 0 0 0 0 0.0 0.0 0.0 0.0 0.0 0.0 0 0 0 0 0 0 0.0 0.0 0.0 0.0 0 0 0 0
0 0 2066.0 440.0 1580.0 1932.0 0 0 0 0 0.0 0.0 0.0 0.0 0.0 0.0 0 0 0 0 0 0 0.0 0.0 0.0 0.0 0 0 0 0
0 0 1955.0 419.0 1365.0 2165.0 0 0 0 0 0.0 0.0 1.0 0.0 0.0 0.0 0 0 0 0 0 0 0.0 0.0 0.0 0.0 0 0 0 0
0 0 2093.0 402.0 1338.0 1946.0 0 0 0 0 0.0 0.0 0.0 0.0 0.0 0.0 0 0 0 0 0 0 0.0 0.0 0.0 0.0 0 0 0 0
0 0 2077.0 398.0 1562.0 2028.0 0 0 0 0 0.0 0.0 0.0 0.0 0.0 0.0 0 0 0 0 0 0 0.0 0.0 0.0 0.0 0 0 0 0
0 0 2091.0 437.0 1644.0 2052.0 0 0 0 0 0.0 0.0 0.0 0.0 0.0 0.0 0 0 0 0 0 0 0.0 0.0 0.0 0.0 0 0 0 0
0 0 2089.0 437.0 1482.0 2082.0 0 0 0 0 0.0 0.0 0.0 0.0 0.0 0.0 0 0 0 0 0 0 0.0 0.0 0.0 0.0 0 0 0 0
0 0 2029.0 403.0 1599.0 1932.0 0 0 0 0 0.0 0.0 0.0 0.0 0.0 0.0 0 0 0 0 0 0 0.0 0.0 0.0 0.0 0 0 0 0
0 0 2095.0 371.0 1618.0 1959.0 0 0 0 0 0.0 0.0 0.0 0.0 0.0 0.0 0 0 0 0 0 0 0.0 0.0 0.0 0.0 0 0 0 0
0 0 2096.0 397.0 1682.0 1990.0 0 0 0 0 0.0 1.0 1.0 0.0 0.0 0.0 0 0 0 0 0 0 0.0 0.0 0.0 0.0 0 0 0 0
0 0 1944.0 464.0 1528.0 1938.0 0 0 0 0 0.0 0.0 1.0 0.0 0.0 0.0 0 0 0 0 0 0 0.0 0.0 0.0 0.0 0 0 0 0
0 0 2039.0 427.0 1597.0 2061.0 0 0 0 0 0.0 0.0 0.0 0.0 0.0 0.0 0 0 0 0 0 0 0.0 0.0 0.0 0.0 0 0 0 0
0 0 2003.0 417.0 1686.0 2057.0 0 0 0 0 0.0 0.0 0.0 0.0 0.0 0.0 0 0 0 0 0 0 0.0 0.0 0.0 0.0 0 0 0 0
0 0 2075.0 348.0 1707.0 2039.0 0 0 0 0 0.0 0.0 0.0 0.0 0.0 0.0 0 0 0 0 0 0 0.0 0.0 0.0 0.0 0 0 0 0
0 0 2040.0 407.0 1759.0 2212.0 0 0 0 0 0.0 0.0 0.0 0.0 0.0 0.0 0 0 0 0 0 0 0.0 0.0 0.0 0.0 0 0 0 0
0 0 1953.0 371.0 1618.0 1917.0 0 0 0 0 0.0 0.0 0.0 0.0 0.0 0.0 0 0 0 0 0 0 0.0 0.0 0.0 0.0 0 0 0 0
0 0 2102.0 447.0 1584.0 2047.0 0 0 0 0 0.0 0.0 0.0 0.0 0.0 0.0 0 0 0 0 0 0 0.0 0.0 0.0 0.0 0 0 0 0
0 0 2156.0 375.0 1422.0 1882.0 0 0 0 0 0.0 0.0 0.0 0.0 0.0 0.0 0 0 0 0 0 0 0.0 0.0 0.0 0.0 0 0 0 0
0 0 2066.0 396.0 1660.0 2160.0 0 0 0 0 0.0 0.0 0.0 0.0 0.0 0.0 0 0 0 0 0 0 0.0 0.0 0.0 0.0 0 0 0 0
0 0 2093.0 437.0 1784.0 2216.0 0 0 0 0 0.0 0.0 1.0 0.0 0.0 1.0 0 0 0 0 0 0 0.0 0.0 0.0 0.0 0 0 0 0
0 0 2063.0 417.0 1446.0 1991.0 0 0 0 0 0.0 0.0 0.0 0.0 0.0 0.0 0 0 0 0 0 0 0.0 0.0 0.0 0.0 0 0 0 0
0 0 2117.0 364.0 1626.0 2115.0 0 0 0 0 0.0 0.0 0.0 0.0 0.0 0.0 0 0 0 0 0 0 0.0 0.0 0.0 0.0 0 0 0 0
0 0 2087.0 436.0 1439.0 2144.0 0 0 0 0 0.0 0.0 0.0 0.0 0.0 0.0 0 0 0 0 0 0 0.0 0.0 0.0 0.0 0 0 0 0
0 0 2058.0 358.0 1639.0 1922.0 0 0 0 0 0.0 0.0 0.0 0.0 0.0 0.0 0 0 0 0 0 0 0.0 0.0 0.0 0.0 0 0 0 0
0 0 1965.0 383.0 1474.0 2148.0 0 0 0 0 0.0 0.0 0.0 0.0 0.0 0.0 0 0 0 0 0 0 0.0 0.0 0.0 0.0 0 0 0 0
0 0 1970.0 444.0 1509.0 2175.0 0 0 0 0 0.0 0.0 0.0 0.0 0.0 0.0 0 0 0 0 0 0 0.0 0.0 0.0 0.0 0 0 0 0
0 0 1938.0 456.0 1672.0 2169.0 0 0 0 0 0.0 0.0 0.0 0.0 0.0 0.0 0 0 0 0 0 0 0.0 0.0 0.0 0.0 0 0 0 0
0 0 1931.0 402.0 1685.0 1913.0 0 0 0 0 0.0 0.0 0.0 0.0 0.0 0.0 0 0 0 0 0 0 0.0 0.0 0.0 0.0 0 0 0 0
0 0 2068.0 417.0 1645.0 2307.0 0 0 0 0 0.0 0.0 0.0 0.0 0.0 0.0 0 0 0 0 0 0 0.0 0.0 0.0 0.0 0 0 0 0
0 0 2055.0 372.0 1575.0 2173.0 0 0 0 0 0.0 0.0 0.0 0.0 0.0 0.0 0 0 0 0 0 0 0.0 0.0 0.0 0.0 0 0 0 0
0 0 2060.0 405.0 1583.0 2346.0 0 0 0 0 0.0 0.0 0.0 0.0 0.0 0.0 0 0 0 0 0 0 0.0 0.0 0.0 0.0 0 0 0 0
0 0 2033.0 349.0 1651.0 1818.0 0 0 0 0 0.0 0.0 0.0 0.0 0.0 0.0 0 0 0 0 0 0 0.0 0.0 0.0 0.0 0 0 0 0
0 0 1999.0 395.0 1409.0 2091.0 0 0 0 0 0.0 0.0 0.0 0.0 0.0 0.0 0 0 0 0 0 0 0.0 0.0 0.0 0.0 0 0 0 0
0 0 2036.0 410.0 1561.0 1993.0 0 0 0 0 0.0 0.0 0.0 0.0 0.0 0.0 0 0 0 0 0 0 0.0 0.0 0.0 0.0 0 0 0 0
0 0 2078.0 375.0 1811.0 2093.0 0 0 0 0 0.0 0.0 0.0 0.0 0.0 0.0 0 0 0 0 0 0 0.0 0.0 0.0 0.0 0 0 0 0
0 0 2065.0 383.0 1608.0 1856.0 0 0 0 0 0.0 0.0 0.0 0.0 0.0 0.0 0 0 0 0 0 0 0.0 0.0 0.0 0.0 0 0 0 0
0 0 2124.0 424.0 1804.0 2217.0 0 0 0 0 0.0 0.0 0.0 0.0 0.0 0.0 0 0 0 0 0 0 0.0 0.0 0.0 0.0 0 0 0 0
0 0 1914.0 411.0 1318.0 2125.0 0 0 0 0 0.0 0.0 1.0 0.0 0.0 0.0 0 0 0 0 0 0 0.0 0.0 0.0 0.0 0 0 0 0
0 0 2061.0 420.0 1535.0 1897.0 0 0 0 0 0.0 1.0 0.0 0.0 0.0 0.0 0 0 0 0 0 0 0.0 0.0 0.0 0.0 0 0 0 0
0 0 2012.0 403.0 1822.0 2023.0 0 0 0 0 0.0 0.0 0.0 0.0 0.0 0.0 0 0 0 0 0 0 0.0 0.0 0.0 0.0 0 0 0 0
0 0 1975.0 426.0 1544.0 2068.0 0 0 0 0 0.0 0.0 0.0 0.0 0.0 1.0 0 0 0 0 0 0 0.0 0.0 0.0 0.0 0 0 0 0
0 0 2060.0 391.0 1675.0 1971.0 0 0 0 0 0.0 1.0 0.0 0.0 0.0 0.0 0 0 0 0 0 0 0.0 0.0 0.0 0.0 0 0 0 0
0 0 2047.0 409.0 1704.0 1918.0 0 0 0 0 0.0 0.0 0.0 0.0 0.0 1.0 0 0 0 0 0 0 0.0 0.0 0.0 0.0 0 0 0 0
0 0 1973.0 411.0 1607.0 1991.0 0 0 0 0 0.0 0.0 0.0 0.0 0.0 0.0 0 0 0 0 0 0 0.0 0.0 0.0 0.0 0 0 0 0
0 0 1993.0 405.0 1543.0 2159.0 0 0 0 0 0.0 0.0 0.0 0.0 0.0 0.0 0 0 0 0 0 0 0.0 0.0 0.0 0.0 0 0 0 0
0 0 2040.0 406.0 1445.0 2165.0 0 0 0 0 0.0 0.0 0.0 0.0 0.0 0.0 0 0 0 0 0 0 0.0 0.0 0.0 0.0 0 0 0 0
0 0 2098.0 456.0 1813.0 2259.0 0 0 0 0 0.0 1.0 0.0 0.0 0.0 0.0 0 0 0 0 0 0 0.0 0.0 0.0 0.0 0 0 0 0
0 0 2064.0 410.0 1639.0 2023.0 0 0 0 0 0.0 0.0 0.0 0.0 0.0 0.0 0 0 0 0 0 0 0.0 0.0 0.0 0.0 0 0 0 0
0 0 2089.0 357.0 1652.0 1982.0 0 0 0 0 0.0 0.0 0.0 0.0 0.0 0.0 0 0 0 0 0 0 0.0 0.0 0.0 0.0 0 0 0 0
0 0 2027.0 398.0 1659.0 1946.0 0 0 0 0 0.0 0.0 0.0 0.0 0.0 0.0 0 0 0 0 0 0 0.0 0.0 0.0 0.0 0 0 0 0
0 0 1996.0 353.0 1687.0 2098.0 0 0 0 0 0.0 0.0 0.0 0.0 0.0 0.0 0 0 0 0 0 0 0.0 0.0 0.0 0.0 0 0 0 0
0 0 1986.0 426.0 1539.0 2077.0 0 0 0 0 0.0 0.0 0.0 0.0 0.0 0.0 0 0 0 0 0 0 0.0 0.0 0.0 0.0 0 0 0 0
0 0 2045.0 341.0 1588.0 2109.0 0 0 0 0 0.0 0.0 0.0 0.0 0.0 0.0 0 0 0 0 0 0 0.0 0.0 0.0 0.0 0 0 0 0
0 0 2028.0 378.0 1637.0 2167.0 0 0 0 0 0.0 0.0 0.0 0.0 0.0 0.0 0 0 0 0 0 0 0.0 0.0 0.0 0.0 0 0 0 0
0 0 1866.0 375.0 1745.0 1987.0 0 0 0 0 0.0 0.0 0.0 0.0 0.0 0.0 0 0 0 0 0 0 0.0 0.0 0.0 0.0 0 0 0 0
0 0 2107.0 399.0 1628.0 2052.0 0 0 0 0 0.0 0.0 0.0 0.0 0.0 0.0 0 0 0 0 0 0 0.0 0.0 0.0 0.0 0 0 0 0
0 0 2144.0 404.0 1524.0 2150.0 0 0 0 0 0.0 0.0 0.0 0.0 0.0 0.0 0 0 0 0 0 0 0.0 0.0 0.0 0.0 0 0 0 0
0 0 2011.0 395.0 1583.0 1988.0 0 0 0 0 0.0 0.0 0.0 0.0 0.0 0.0 0 0 0 0 0 0 0.0 0.0 0.0 0.0 0 0 0 0
0 0 2024.0 460.0 1483.0 1953.0 0 0 0 0 0.0 0.0 0.0 0.0 0.0 0.0 0 0 0 0 0 0 0.0 0.0 0.0 0.0 0 0 0 0
0 0 2024.0 314.0 1719.0 2286.0 0 0 0 0 0.0 0.0 0.0 0.0 0.0 0.0 0 0 0 0 0 0 0.0 0.0 0.0 0.0 0 0 0 0
0 0 2104.0 410.0 1425.0 2113.0 0 0 0 0 0.0 0.0 0.0 0.0 0.0 1.0 0 0 0 0 0 0 0.0 0.0 0.0 0.0 0 0 0 0
0 0 2052.0 423.0 1525.0 2064.0 0 0 0 0 0.0 0.0 1.0 0.0 0.0 0.0 0 0 0 0 0 0 0.0 0.0 0.0 0.0 0 0 0 0
0 0 2164.0 380.0 1514.0 1984.0 0 0 0 0 0.0 0.0 0.0 0.0 0.0 0.0 0 0 0 0 0 0 0.0 0.0 0.0 0.0 0 0 0 0
0 0 2057.0 417.0 1656.0 1858.0 0 0 0 0 0.0 0.0 1.0 0.0 0.0 0.0 0 0 0 0 0 0 0.0 0.0 0.0 0.0 0 0 0 0
0 0 2063.0 396.0 1661.0 2104.0 0 0 0 0 0.0 0.0 1.0 0.0 0.0 1.0 0 0 0 0 0 0 0.0 0.0 0.0 0.0 0 0 0 0
0 0 2146.0 354.0 1523.0 2056.0 0 0 0 0 0.0 0.0 0.0 0.0 0.0 0.0 0 0 0 0 0 0 0.0 0.0 0.0 0.0 0 0 0 0
0 0 1995.0 405.0 1600.0 2246.0 0 0 0 0 0.0 0.0 0.0 0.0 0.0 2.0 0 0 0 0 0 0 0.0 0.0 0.0 0.0 0 0 0 0
0 0 1972.0 446.0 1663.0 2075.0 0 0 0 0 0.0 0.0 0.0 0.0 0.0 0.0 0 0 0 0 0 0 0.0 0.0 0.0 0.0 0 0 0 0
0 0 1964.0 399.0 1623.0 2073.0 0 0 0 0 0.0 0.0 0.0 0.0 0.0 0.0 0 0 0 0 0 0 0.0 0.0 0.0 0.0 0 0 0 0
0 0 2090.0 392.0 1544.0 2200.0 0 0 0 0 0.0 0.0 0.0 0.0 0.0 1.0 0 0 0 0 0 0 0.0 0.0 0.0 0.0 0 0 0 0
0 0 2189.0 400.0 1796.0 2047.0 0 0 0 0 0.0 0.0 0.0 0.0 0.0 0.0 0 0 0 0 0 0 0.0 0.0 0.0 0.0 0 0 0 0
0 0 2180.0 422.0 1427.0 1811.0 0 0 0 0 0.0 0.0 1.0 0.0 0.0 1.0 0 0 0 0 0 0 0.0 0.0 0.0 0.0 0 0 0 0
0 0 2128.0 388.0 1671.0 1827.0 0 0 0 0 0.0 0.0 1.0 0.0 0.0 0.0 0 0 0 0 0 0 0.0 0.0 0.0 0.0 0 0 0 0
0 0 1996.0 382.0 1490.0 1869.0 0 0 0 0 0.0 0.0 0.0 0.0 0.0 0.0 0 0 0 0 0 0 0.0 0.0 0.0 0.0 0 0 0 0
0 0 2122.0 420.0 1638.0 1906.0 0 0 0 0 0.0 0.0 0.0 0.0 0.0 0.0 0 0 0 0 0 0 0.0 0.0 0.0 0.0 0 0 0 0
0 0 2077.0 413.0 1596.0 1885.0 0 0 0 0 0.0 1.0 0.0 0.0 0.0 0.0 0 0 0 0 0 0 0.0 0.0 0.0 0.0 0 0 0 0
0 0 2129.0 375.0 1491.0 2086.0 0 0 0 0 0.0 0.0 0.0 0.0 0.0 0.0 0 0 0 0 0 0 0.0 0.0 0.0 0.0 0 0 0 0
0 0 2059.0 380.0 1491.0 1962.0 0 0 0 0 0.0 0.0 0.0 0.0 0.0 0.0 0 0 0 0 0 0 0.0 0.0 0.0 0.0 0 0 0 0
0 0 2105.0 413.0 1558.0 2107.0 0 0 0 0 0.0 1.0 1.0 0.0 0.0 0.0 0 0 0 0 0 0 0.0 0.0 0.0 0.0 0 0 0 0
0 0 2004.0 338.0 1476.0 2117.0 0 0 0 0 0.0 0.0 0.0 0.0 0.0 0.0 0 0 0 0 0 0 0.0 0.0 0.0 0.0 0 0 0 0
0 0 2053.0 417.0 1622.0 1973.0 0 0 0 0 0.0 0.0 0.0 0.0 0.0 0.0 0 0 0 0 0 0 0.0 0.0 0.0 0.0 0 0 0 0
0 0 2137.0 392.0 1591.0 1916.0 0 0 0 0 0.0 0.0 0.0 0.0 0.0 0.0 0 0 0 0 0 0 0.0 0.0 0.0 0.0 0 0 0 0
0 0 2161.0 406.0 1486.0 2044.0 0 0 0 0 0.0 0.0 0.0 0.0 0.0 1.0 0 0 0 0 0 0 0.0 0.0 0.0 0.0 0 0 0 0
0 0 2061.0 387.0 1805.0 1991.0 0 0 0 0 0.0 0.0 0.0 0.0 0.0 1.0 0 0 0 0 0 0 0.0 0.0 0.0 0.0 0 0 0 0
0 0 2211.0 380.0 1361.0 1953.0 0 0 0 0 0.0 0.0 0.0 0.0 0.0 0.0 0 0 0 0 0 0 0.0 0.0 0.0 0.0 0 0 0 0
0 0 2028.0 422.0 1556.0 2100.0 0 0 0 0 0.0 0.0 0.0 0.0 0.0 0.0 0 0 0 0 0 0 0.0 0.0 0.0 0.0 0 0 0 0
0 0 1970.0 353.0 1726.0 1985.0 0 0 0 0 0.0 0.0 1.0 0.0 0.0 1.0 0 0 0 0 0 0 0.0 0.0 0.0 0.0 0 0 0 0
0 0 2050.0 364.0 1560.0 1948.0 0 0 0 0 0.0 0.0 0.0 0.0 0.0 0.0 0 0 0 0 0 0 0.0 0.0 0.0 0.0 0 0 0 0
0 0 2010.0 465.0 1554.0 1927.0 0 0 0 0 0.0 0.0 0.0 0.0 0.0 0.0 0 0 0 0 0 0 0.0 0.0 0.0 0.0 0 0 0 0
0 0 2051.0 432.0 1620.0 2050.0 0 0 0 0 0.0 0.0 0.0 0.0 0.0 0.0 0 0 0 0 0 0 0.0 0.0 0.0 0.0 0 0 0 0
0 0 2012.0 370.0 1381.0 2031.0 0 0 0 0 0.0 0.0 0.0 0.0 0.0 1.0 0 0 0 0 0 0 0.0 0.0 0.0 0.0 0 0 0 0
0 0 2033.0 367.0 1606.0 2063.0 0 0 0 0 0.0 0.0 0.0 0.0 0.0 0.0 0 0 0 0 0 0 0.0 0.0 0.0 0.0 0 0 0 0
0 0 2005.0 408.0 1604.0 2163.0 0 0 0 0 0.0 2.0 0.0 0.0 0.0 0.0 0 0 0 0 0 0 0.0 0.0 0.0 0.0 0 0 0 0
0 0 2041.0 430.0 1447.0 2100.0 0 0 0 0 0.0 0.0 1.0 0.0 0.0 0.0 0 0 0 0 0 0 0.0 0.0 0.0 0.0 0 0 0 0
0 0 1913.0 385.0 1633.0 2062.0 0 0 0 0 0.0 0.0 0.0 0.0 0.0 0.0 0 0 0 0 0 0 0.0 0.0 0.0 0.0 0 0 0 0
0 0 1958.0 430.0 1696.0 1930.0 0 0 0 0 0.0 0.0 0.0 0.0 0.0 0.0 0 0 0 0 0 0 0.0 0.0 0.0 0.0 0 0 0 0
0 0 1947.0 388.0 1828.0 1973.0 0 0 0 0 0.0 1.0 0.0 0.0 0.0 0.0 0 0 0 0 0 0 0.0 0.0 0.0 0.0 0 0 0 0
0 0 1949.0 399.0 1624.0 2021.0 0 0 0 0 0.0 1.0 0.0 0.0 0.0 0.0 0 0 0 0 0 0 0.0 0.0 0.0 0.0 0 0 0 0
0 0 2181.0 370.0 1707.0 2045.0 0 0 0 0 0.0 0.0 0.0 0.0 0.0 1.0 0 0 0 0 0 0 0.0 0.0 0.0 0.0 0 0 0 0
0 0 2213.0 459.0 1611.0 1987.0 0 0 0 0 0.0 0.0 0.0 0.0 0.0 0.0 0 0 0 0 0 0 0.0 0.0 0.0 0.0 0 0 0 0
0 0 2113.0 412.0 1463.0 2019.0 0 0 0 0 0.0 0.0 0.0 0.0 0.0 0.0 0 0 0 0 0 0 0.0 0.0 0.0 0.0 0 0 0 0
0 0 2044.0 409.0 1575.0 2114.0 0 0 0 0 0.0 0.0 0.0 0.0 0.0 0.0 0 0 0 0 0 0 0.0 0.0 0.0 0.0 0 0 0 0
0 0 2042.0 444.0 1551.0 1953.0 0 0 0 0 0.0 0.0 1.0 0.0 0.0 0.0 0 0 0 0 0 0 0.0 0.0 0.0 0.0 0 0 0 0
0 0 1965.0 398.0 1469.0 1948.0 0 0 0 0 0.0 0.0 0.0 0.0 0.0 0.0 0 0 0 0 0 0 0.0 0.0 0.0 0.0 0 0 0 0
0 0 2038.0 383.0 1444.0 2117.0 0 0 0 0 0.0 0.0 0.0 0.0 0.0 0.0 0 0 0 0 0 0 0.0 0.0 0.0 0.0 0 0 0 0
0 0 2150.0 593.0 1880.0 2296.0 0 0 0 0 6.0 7.0 65.0 35.0 29.0 36.0 0 0 0 0 0 0 1.0 4.0 6.0 2.0 0 0 0 0
0 0 2043.0 460.0 1427.0 1943.0 0 0 0 0 0.0 0.0 1.0 0.0 0.0 0.0 0 0 0 0 0 0 0.0 0.0 0.0 0.0 0 0 0 0
0 0 2113.0 407.0 1492.0 2021.0 0 0 0 0 0.0 0.0 2.0 0.0 0.0 0.0 0 0 0 0 0 0 0.0 0.0 0.0 0.0 0 0 0 0
0 0 2090.0 458.0 1729.0 2006.0 0 0 0 0 0.0 0.0 0.0 0.0 0.0 0.0 0 0 0 0 0 0 0.0 0.0 0.0 0.0 0 0 0 0
0 0 1943.0 407.0 1538.0 1982.0 0 0 0 0 0.0 0.0 0.0 0.0 0.0 0.0 0 0 0 0 0 0 0.0 0.0 0.0 0.0 0 0 0 0
0 0 2085.0 368.0 1406.0 2201.0 0 0 0 0 0.0 0.0 0.0 0.0 0.0 0.0 0 0 0 0 0 0 0.0 0.0 0.0 0.0 0 0 0 0
0 0 2133.0 323.0 1335.0 2040.0 0 0 0 0 0.0 0.0 0.0 0.0 0.0 0.0 0 0 0 0 0 0 0.0 0.0 0.0 0.0 0 0 0 0
0 0 2113.0 419.0 1552.0 2151.0 0 0 0 0 0.0 0.0 0.0 0.0 0.0 0.0 0 0 0 0 0 0 0.0 0.0 0.0 0.0 0 0 0 0
0 0 2069.0 369.0 1685.0 2219.0 0 0 0 0 0.0 0.0 0.0 0.0 0.0 0.0 0 0 0 0 0 0 0.0 0.0 0.0 0.0 0 0 0 0
0 0 2039.0 400.0 1630.0 2103.0 0 0 0 0 0.0 0.0 1.0 0.0 0.0 0.0 0 0 0 0 0 0 0.0 0.0 0.0 0.0 0 0 0 0
0 0 2122.0 439.0 1492.0 1976.0 0 0 0 0 0.0 0.0 0.0 0.0 0.0 0.0 0 0 0 0 0 0 0.0 0.0 0.0 0.0 0 0 0 0
0 0 1977.0 392.0 1752.0 2235.0 0 0 0 0 0.0 0.0 0.0 0.0 0.0 0.0 0 0 0 0 0 0 0.0 0.0 0.0 0.0 0 0 0 0
0 0 1983.0 365.0 1719.0 2032.0 0 0 0 0 0.0 0.0 1.0 0.0 0.0 0.0 0 0 0 0 0 0 0.0 0.0 0.0 0.0 0 0 0 0
0 0 2092.0 382.0 1674.0 1882.0 0 0 0 0 0.0 0.0 1.0 0.0 0.0 0.0 0 0 0 0 0 0 0.0 0.0 0.0 0.0 0 0 0 0
0 0 2078.0 409.0 1704.0 2099.0 0 0 0 0 0.0 0.0 0.0 0.0 0.0 0.0 0 0 0 0 0 0 0.0 0.0 0.0 0.0 0 0 0 0
0 0 2051.0 399.0 1554.0 2106.0 0 0 0 0 0.0 0.0 0.0 0.0 0.0 0.0 0 0 0 0 0 0 0.0 0.0 0.0 0.0 0 0 0 0
0 0 2108.0 387.0 1595.0 1953.0 0 0 0 0 0.0 0.0 1.0 0.0 0.0 0.0 0 0 0 0 0 0 0.0 0.0 0.0 0.0 0 0 0 0
0 0 2007.0 328.0 1410.0 1940.0 0 0 0 0 0.0 0.0 0.0 0.0 0.0 0.0 0 0 0 0 0 0 0.0 0.0 0.0 0.0 0 0 0 0
0 0 2114.0 424.0 1651.0 2062.0 0 0 0 0 0.0 0.0 0.0 0.0 0.0 0.0 0 0 0 0 0 0 0.0 0.0 0.0 0.0 0 0 0 0
0 0 2087.0 425.0 1597.0 2016.0 0 0 0 0 0.0 0.0 0.0 0.0 0.0 2.0 0 0 0 0 0 0 0.0 0.0 0.0 0.0 0 0 0 0
0 0 1967.0 364.0 1579.0 2033.0 0 0 0 0 0.0 0.0 1.0 0.0 0.0 0.0 0 0 0 0 0 0 0.0 0.0 0.0 0.0 0 0 0 0
0 0 2049.0 429.0 1495.0 2042.0 0 0 0 0 0.0 0.0 0.0 0.0 0.0 0.0 0 0 0 0 0 0 0.0 0.0 0.0 0.0 0 0 0 0
0 0 1925.0 350.0 1594.0 2155.0 0 0 0 0 0.0 1.0 0.0 0.0 0.0 0.0 0 0 0 0 0 0 0.0 0.0 0.0 0.0 0 0 0 0
0 0 2011.0 357.0 1432.0 2213.0 0 0 0 0 0.0 0.0 0.0 0.0 0.0 0.0 0 0 0 0 0 0 0.0 0.0 0.0 0.0 0 0 0 0
0 0 2028.0 385.0 1694.0 2143.0 0 0 0 0 0.0 0.0 0.0 0.0 0.0 0.0 0 0 0 0 0 0 0.0 0.0 0.0 0.0 0 0 0 0
0 0 2042.0 432.0 1413.0 1978.0 0 0 0 0 0.0 0.0 0.0 0.0 0.0 0.0 0 0 0 0 0 0 0.0 0.0 0.0 0.0 0 0 0 0
0 0 2022.0 397.0 1625.0 2164.0 0 0 0 0 0.0 0.0 0.0 0.0 0.0 1.0 0 0 0 0 0 0 0.0 0.0 0.0 0.0 0 0 0 0
0 0 2016.0 407.0 1623.0 1868.0 0 0 0 0 0.0 0.0 0.0 0.0 0.0 0.0 0 0 0 0 0 0 0.0 0.0 0.0 0.0 0 0 0 0
0 0 2098.0 335.0 1516.0 2128.0 0 0 0 0 0.0 0.0 0.0 0.0 0.0 0.0 0 0 0 0 0 0 0.0 0.0 0.0 0.0 0 0 0 0
0 0 2189.0 359.0 1402.0 2168.0 0 0 0 0 0.0 0.0 0.0 0.0 0.0 0.0 0 0 0 0 0 0 0.0 0.0 0.0 0.0 0 0 0 0
0 0 2016.0 388.0 1635.0 2072.0 0 0 0 0 0.0 0.0 0.0 0.0 0.0 0.0 0 0 0 0 0 0 0.0 0.0 0.0 0.0 0 0 0 0
0 0 1925.0 350.0 1557.0 1986.0 0 0 0 0 0.0 1.0 2.0 0.0 0.0 0.0 0 0 0 0 0 0 0.0 0.0 0.0 0.0 0 0 0 0
0 0 1907.0 386.0 1417.0 2013.0 0 0 0 0 0.0 0.0 0.0 0.0 0.0 0.0 0 0 0 0 0 0 0.0 0.0 0.0 0.0 0 0 0 0
0 0 1950.0 468.0 1717.0 1957.0 0 0 0 0 0.0 0.0 1.0 0.0 0.0 0.0 0 0 0 0 0 0 0.0 0.0 0.0 0.0 0 0 0 0
0 0 2018.0 392.0 1548.0 2119.0 0 0 0 0 0.0 0.0 0.0 0.0 0.0 0.0 0 0 0 0 0 0 0.0 0.0 0.0 0.0 0 0 0 0
0 0 2063.0 377.0 1553.0 2216.0 0 0 0 0 0.0 0.0 2.0 0.0 0.0 0.0 0 0 0 0 0 0 0.0 0.0 0.0 0.0 0 0 0 0
0 0 2078.0 373.0 1391.0 1986.0 0 0 0 0 0.0 1.0 0.0 0.0 0.0 1.0 0 0 0 0 0 0 0.0 0.0 0.0 0.0 0 0 0 0
0 0 2070.0 403.0 1464.0 2135.0 0 0 0 0 0.0 1.0 0.0 0.0 0.0 0.0 0 0 0 0 0 0 0.0 0.0 0.0 0.0 0 0 0 0
0 0 2040.0 367.0 1477.0 2026.0 0 0 0 0 0.0 0.0 0.0 0.0 0.0 0.0 0 0 0 0 0 0 0.0 0.0 0.0 0.0 0 0 0 0
0 0 1974.0 417.0 1614.0 2033.0 0 0 0 0 0.0 0.0 0.0 0.0 0.0 0.0 0 0 0 0 0 0 0.0 0.0 0.0 0.0 0 0 0 0
0 0 1974.0 392.0 1723.0 2038.0 0 0 0 0 0.0 0.0 0.0 0.0 0.0 0.0 0 0 0 0 0 0 0.0 0.0 0.0 0.0 0 0 0 0
0 0 2005.0 385.0 1586.0 2038.0 0 0 0 0 0.0 0.0 0.0 0.0 0.0 0.0 0 0 0 0 0 0 0.0 0.0 0.0 0.0 0 0 0 0
0 0 2157.0 399.0 1706.0 2067.0 0 0 0 0 0.0 0.0 0.0 0.0 0.0 0.0 0 0 0 0 0 0 0.0 0.0 0.0 0.0 0 0 0 0
0 0 2041.0 357.0 1562.0 1993.0 0 0 0 0 0.0 0.0 0.0 0.0 0.0 0.0 0 0 0 0 0 0 0.0 0.0 0.0 0.0 0 0 0 0
0 0 1957.0 385.0 1484.0 2153.0 0 0 0 0 0.0 0.0 0.0 0.0 0.0 0.0 0 0 0 0 0 0 0.0 0.0 0.0 0.0 0 0 0 0
0 0 2072.0 425.0 1570.0 1994.0 0 0 0 0 0.0 0.0 0.0 0.0 0.0 2.0 0 0 0 0 0 0 0.0 0.0 0.0 0.0 0 0 0 0
0 0 2069.0 346.0 1534.0 2309.0 0 0 0 0 0.0 0.0 0.0 0.0 0.0 0.0 0 0 0 0 0 0 0.0 0.0 0.0 0.0 0 0 0 0
0 0 2032.0 351.0 1520.0 2065.0 0 0 0 0 0.0 0.0 0.0 0.0 0.0 0.0 0 0 0 0 0 0 0.0 0.0 0.0 0.0 0 0 0 0
0 0 1918.0 410.0 1610.0 2056.0 0 0 0 0 0.0 0.0 0.0 0.0 0.0 0.0 0 0 0 0 0 0 0.0 0.0 0.0 0.0 0 0 0 0
0 0 2090.0 365.0 1772.0 2300.0 0 0 0 0 0.0 0.0 0.0 0.0 0.0 1.0 0 0 0 0 0 0 0.0 0.0 0.0 0.0 0 0 0 0
0 0 2171.0 456.0 1495.0 1990.0 0 0 0 0 0.0 0.0 0.0 0.0 0.0 0.0 0 0 0 0 0 0 0.0 0.0 0.0 0.0 0 0 0 0
0 0 2015.0 409.0 1517.0 1821.0 0 0 0 0 0.0 0.0 0.0 0.0 0.0 1.0 0 0 0 0 0 0 0.0 0.0 0.0 0.0 0 0 0 0
0 0 2046.0 391.0 1512.0 1976.0 0 0 0 0 0.0 0.0 0.0 0.0 0.0 0.0 0 0 0 0 0 0 0.0 0.0 0.0 0.0 0 0 0 0
0 0 2009.0 391.0 1562.0 2203.0 0 0 0 0 0.0 0.0 0.0 0.0 0.0 0.0 0 0 0 0 0 0 0.0 0.0 0.0 0.0 0 0 0 0
0 0 1991.0 333.0 1647.0 2223.0 0 0 0 0 0.0 0.0 1.0 0.0 0.0 0.0 0 0 0 0 0 0 0.0 0.0 0.0 0.0 0 0 0 0
0 0 2140.0 385.0 1578.0 1950.0 0 0 0 0 0.0 0.0 0.0 0.0 0.0 0.0 0 0 0 0 0 0 0.0 0.0 0.0 0.0 0 0 0 0
0 0 2089.0 387.0 1627.0 1906.0 0 0 0 0 0.0 0.0 0.0 0.0 0.0 0.0 0 0 0 0 0 0 0.0 0.0 0.0 0.0 0 0 0 0
0 0 2026.0 344.0 1487.0 2125.0 0 0 0 0 0.0 0.0 0.0 0.0 0.0 0.0 0 0 0 0 0 0 0.0 0.0 0.0 0.0 0 0 0 0
0 0 2031.0 336.0 1709.0 1890.0 0 0 0 0 0.0 0.0 0.0 0.0 0.0 0.0 0 0 0 0 0 0 0.0 0.0 0.0 0.0 0 0 0 0
0 0 2024.0 436.0 1406.0 1904.0 0 0 0 0 0.0 0.0 1.0 0.0 0.0 0.0 0 0 0 0 0 0 0.0 0.0 0.0 0.0 0 0 0 0
0 0 1982.0 409.0 1718.0 2056.0 0 0 0 0 0.0 0.0 0.0 0.0 0.0 0.0 0 0 0 0 0 0 0.0 0.0 0.0 0.0 0 0 0 0
0 0 2042.0 363.0 1731.0 1998.0 0 0 0 0 0.0 0.0 0.0 0.0 0.0 0.0 0 0 0 0 0 0 0.0 0.0 0.0 0.0 0 0 0 0
0 0 2100.0 419.0 1572.0 1941.0 0 0 0 0 0.0 0.0 0.0 0.0 0.0 0.0 0 0 0 0 0 0 0.0 0.0 0.0 0.0 0 0 0 0
0 0 1948.0 400.0 1463.0 2027.0 0 0 0 0 0.0 0.0 0.0 0.0 0.0 0.0 0 0 0 0 0 0 0.0 0.0 0.0 0.0 0 0 0 0
0 0 2044.0 399.0 1572.0 1998.0 0 0 0 0 0.0 0.0 0.0 0.0 0.0 0.0 0 0 0 0 0 0 0.0 0.0 0.0 0.0 0 0 0 0
0 0 1979.0 401.0 1635.0 1908.0 0 0 0 0 0.0 0.0 0.0 0.0 0.0 0.0 0 0 0 0 0 0 0.0 0.0 0.0 0.0 0 0 0 0
0 0 2049.0 419.0 1613.0 1995.0 0 0 0 0 0.0 0.0 0.0 0.0 0.0 0.0 0 0 0 0 0 0 0.0 0.0 0.0 0.0 0 0 0 0
0 0 2055.0 373.0 1626.0 1888.0 0 0 0 0 0.0 0.0 0.0 0.0 0.0 0.0 0 0 0 0 0 0 0.0 0.0 0.0 0.0 0 0 0 0
0 0 2080.0 391.0 1476.0 1974.0 0 0 0 0 0.0 0.0 0.0 0.0 0.0 0.0 0 0 0 0 0 0 0.0 0.0 0.0 0.0 0 0 0 0
0 0 2124.0 404.0 1516.0 1795.0 0 0 0 0 0.0 0.0 1.0 0.0 0.0 0.0 0 0 0 0 0 0 0.0 0.0 0.0 0.0 0 0 0 0
0 0 2004.0 434.0 1583.0 2080.0 0 0 0 0 0.0 0.0 0.0 0.0 0.0 0.0 0 0 0 0 0 0 0.0 0.0 0.0 0.0 0 0 0 0
0 0 1987.0 430.0 1507.0 2040.0 0 0 0 0 0.0 0.0 0.0 0.0 0.0 0.0 0 0 0 0 0 0 0.0 0.0 0.0 0.0 0 0 0 0
0 0 1942.0 415.0 1522.0 1990.0 0 0 0 0 0.0 1.0 0.0 0.0 0.0 0.0 0 0 0 0 0 0 0.0 0.0 0.0 0.0 0 0 0 0
0 0 1993.0 369.0 1554.0 2147.0 0 0 0 0 0.0 1.0 0.0 0.0 0.0 0.0 0 0 0 0 0 0 0.0 0.0 0.0 0.0 0 0 0 0
0 0 1973.0 428.0 1493.0 2084.0 0 0 0 0 0.0 0.0 0.0 0.0 0.0 0.0 0 0 0 0 0 0 0.0 0.0 0.0 0.0 0 0 0 0
0 0 1935.0 392.0 1723.0 1996.0 0 0 0 0 0.0 0.0 0.0 0.0 0.0 0.0 0 0 0 0 0 0 0.0 0.0 0.0 0.0 0 0 0 0
0 0 2006.0 420.0 1473.0 1878.0 0 0 0 0 0.0 0.0 1.0 0.0 0.0 0.0 0 0 0 0 0 0 0.0 0.0 0.0 0.0 0 0 0 0
0 0 1959.0 415.0 1644.0 2125.0 0 0 0 0 0.0 0.0 0.0 0.0 0.0 0.0 0 0 0 0 0 0 0.0 0.0 0.0 0.0 0 0 0 0
0 0 1972.0 373.0 1671.0 2119.0 0 0 0 0 0.0 0.0 1.0 0.0 0.0 0.0 0 0 0 0 0 0 0.0 0.0 0.0 0.0 0 0 0 0
0 0 2020.0 391.0 1682.0 2170.0 0 0 0 0 0.0 0.0 0.0 0.0 0.0 0.0 0 0 0 0 0 0 0.0 0.0 0.0 0.0 0 0 0 0
0 0 2009.0 473.0 1480.0 1931.0 0 0 0 0 0.0 0.0 0.0 0.0 0.0 0.0 0 0 0 0 0 0 0.0 0.0 0.0 0.0 0 0 0 0
0 0 1937.0 354.0 1691.0 2068.0 0 0 0 0 0.0 0.0 0.0 0.0 0.0 0.0 0 0 0 0 0 0 0.0 0.0 0.0 0.0 0 0 0 0
0 0 1906.0 408.0 1478.0 2007.0 0 0 0 0 0.0 0.0 0.0 0.0 0.0 0.0 0 0 0 0 0 0 0.0 0.0 0.0 0.0 0 0 0 0
0 0 2004.0 386.0 1493.0 2161.0 0 0 0 0 0.0 0.0 0.0 0.0 0.0 0.0 0 0 0 0 0 0 0.0 0.0 0.0 0.0 0 0 0 0
0 0 2147.0 415.0 1661.0 1847.0 0 0 0 0 0.0 0.0 0.0 0.0 0.0 1.0 0 0 0 0 0 0 0.0 0.0 0.0 0.0 0 0 0 0
0 0 2102.0 372.0 1664.0 1985.0 0 0 0 0 0.0 0.0 0.0 0.0 0.0 0.0 0 0 0 0 0 0 0.0 0.0 0.0 0.0 0 0 0 0
0 0 2023.0 365.0 1589.0 2047.0 0 0 0 0 0.0 0.0 0.0 0.0 0.0 0.0 0 0 0 0 0 0 0.0 0.0 0.0 0.0 0 0 0 0
0 0 2086.0 401.0 1668.0 1900.0 0 0 0 0 0.0 0.0 1.0 0.0 0.0 0.0 0 0 0 0 0 0 0.0 0.0 0.0 0.0 0 0 0 0
0 0 2119.0 447.0 1675.0 2026.0 0 0 0 0 0.0 0.0 0.0 0.0 0.0 0.0 0 0 0 0 0 0 0.0 0.0 0.0 0.0 0 0 0 0
0 0 2061.0 403.0 1705.0 1841.0 0 0 0 0 0.0 0.0 0.0 0.0 0.0 0.0 0 0 0 0 0 0 0.0 0.0 0.0 0.0 0 0 0 0
0 0 2094.0 432.0 1572.0 2123.0 0 0 0 0 0.0 0.0 0.0 0.0 0.0 0.0 0 0 0 0 0 0 0.0 0.0 0.0 0.0 0 0 0 0
0 0 2048.0 448.0 1522.0 1967.0 0 0 0 0 0.0 0.0 0.0 0.0 0.0 1.0 0 0 0 0 0 0 0.0 0.0 0.0 0.0 0 0 0 0
0 0 1989.0 449.0 1532.0 1942.0 0 0 0 0 0.0 0.0 0.0 0.0 0.0 0.0 0 0 0 0 0 0 0.0 0.0 0.0 0.0 0 0 0 0
0 0 1994.0 370.0 1730.0 2178.0 0 0 0 0 0.0 0.0 0.0 0.0 0.0 0.0 0 0 0 0 0 0 0.0 0.0 0.0 0.0 0 0 0 0
0 0 1975.0 399.0 1338.0 2126.0 0 0 0 0 0.0 0.0 0.0 0.0 0.0 0.0 0 0 0 0 0 0 0.0 0.0 0.0 0.0 0 0 0 0
0 0 1953.0 347.0 1635.0 2151.0 0 0 0 0 0.0 0.0 0.0 0.0 0.0 0.0 0 0 0 0 0 0 0.0 0.0 0.0 0.0 0 0 0 0
0 0 1944.0 427.0 1676.0 1949.0 0 0 0 0 0.0 0.0 0.0 0.0 0.0 0.0 0 0 0 0 0 0 0.0 0.0 0.0 0.0 0 0 0 0
0 0 1937.0 370.0 1675.0 2275.0 0 0 0 0 0.0 0.0 0.0 0.0 0.0 0.0 0 0 0 0 0 0 0.0 0.0 0.0 0.0 0 0 0 0
0 0 1994.0 407.0 1558.0 2115.0 0 0 0 0 0.0 0.0 1.0 0.0 0.0 0.0 0 0 0 0 0 0 0.0 0.0 0.0 0.0 0 0 0 0
0 0 2090.0 498.0 1523.0 2081.0 0 0 0 0 0.0 0.0 0.0 0.0 0.0 0.0 0 0 0 0 0 0 0.0 0.0 0.0 0.0 0 0 0 0
0 0 2017.0 468.0 1695.0 1879.0 0 0 0 0 0.0 0.0 0.0 0.0 0.0 0.0 0 0 0 0 0 0 0.0 0.0 0.0 0.0 0 0 0 0
0 0 2026.0 407.0 1580.0 1870.0 0 0 0 0 0.0 0.0 1.0 0.0 0.0 0.0 0 0 0 0 0 0 0.0 0.0 0.0 0.0 0 0 0 0
0 0 2048.0 424.0 1431.0 2165.0 0 0 0 0 0.0 0.0 1.0 0.0 0.0 0.0 0 0 0 0 0 0 0.0 0.0 0.0 0.0 0 0 0 0
0 0 2001.0 359.0 1416.0 2071.0 0 0 0 0 0.0 0.0 0.0 0.0 0.0 0.0 0 0 0 0 0 0 0.0 0.0 0.0 0.0 0 0 0 0
0 0 1965.0 403.0 1668.0 1968.0 0 0 0 0 0.0 0.0 0.0 0.0 0.0 0.0 0 0 0 0 0 0 0.0 0.0 0.0 0.0 0 0 0 0
0 0 2033.0 365.0 1673.0 1993.0 0 0 0 0 0.0 0.0 0.0 0.0 0.0 0.0 0 0 0 0 0 0 0.0 0.0 0.0 0.0 0 0 0 0
0 0 2081.0 377.0 1462.0 1902.0 0 0 0 0 0.0 0.0 1.0 0.0 0.0 0.0 0 0 0 0 0 0 0.0 0.0 0.0 0.0 0 0 0 0
0 0 1968.0 411.0 1592.0 2030.0 0 0 0 0 0.0 0.0 0.0 0.0 0.0 0.0 0 0 0 0 0 0 0.0 0.0 0.0 0.0 0 0 0 0
0 0 1989.0 433.0 1666.0 2090.0 0 0 0 0 0.0 0.0 0.0 0.0 0.0 0.0 0 0 0 0 0 0 0.0 0.0 0.0 0.0 0 0 0 0
0 0 1973.0 386.0 1647.0 2174.0 0 0 0 0 0.0 1.0 0.0 0.0 0.0 0.0 0 0 0 0 0 0 0.0 0.0 0.0 0.0 0 0 0 0
0 0 2043.0 373.0 1629.0 1990.0 0 0 0 0 0.0 0.0 1.0 0.0 0.0 0.0 0 0 0 0 0 0 0.0 0.0 0.0 0.0 0 0 0 0
0 0 2045.0 482.0 1706.0 2185.0 0 0 0 0 2.0 4.0 9.0 9.0 9.0 11.0 0 0 0 0 0 0 0.0 2.0 4.0 0.0 0 0 0 0
0 0 2052.0 372.0 1490.0 1999.0 0 0 0 0 0.0 0.0 0.0 0.0 0.0 0.0 0 0 0 0 0 0 0.0 0.0 0.0 0.0 0 0 0 0
0 0 2090.0 388.0 1548.0 1923.0 0 0 0 0 0.0 0.0 0.0 0.0 0.0 1.0 0 0 0 0 0 0 0.0 0.0 0.0 0.0 0 0 0 0
0 0 2038.0 384.0 1621.0 1998.0 0 0 0 0 0.0 0.0 0.0 0.0 0.0 0.0 0 0 0 0 0 0 0.0 0.0 0.0 0.0 0 0 0 0
0 0 2042.0 400.0 1477.0 2015.0 0 0 0 0 0.0 0.0 0.0 0.0 0.0 0.0 0 0 0 0 0 0 0.0 0.0 0.0 0.0 0 0 0 0
0 0 2032.0 410.0 1538.0 1894.0 0 0 0 0 0.0 1.0 0.0 0.0 0.0 1.0 0 0 0 0 0 0 0.0 0.0 0.0 0.0 0 0 0 0
0 0 2067.0 396.0 1672.0 1910.0 0 0 0 0 0.0 0.0 0.0 0.0 0.0 0.0 0 0 0 0 0 0 0.0 0.0 0.0 0.0 0 0 0 0
0 0 2096.0 419.0 1564.0 1840.0 0 0 0 0 0.0 0.0 0.0 0.0 0.0 1.0 0 0 0 0 0 0 0.0 0.0 0.0 0.0 0 0 0 0
0 0 2111.0 351.0 1613.0 1992.0 0 0 0 0 0.0 0.0 0.0 0.0 0.0 0.0 0 0 0 0 0 0 0.0 0.0 0.0 0.0 0 0 0 0
0 0 1935.0 381.0 1574.0 2056.0 0 0 0 0 0.0 0.0 0.0 0.0 0.0 0.0 0 0 0 0 0 0 0.0 0.0 0.0 0.0 0 0 0 0
0 0 1878.0 385.0 1595.0 2075.0 0 0 0 0 0.0 0.0 1.0 0.0 0.0 1.0 0 0 0 0 0 0 0.0 0.0 0.0 0.0 0 0 0 0
0 0 2060.0 398.0 1270.0 2073.0 0 0 0 0 0.0 0.0 0.0 0.0 0.0 0.0 0 0 0 0 0 0 0.0 0.0 0.0 0.0 0 0 0 0
0 0 2001.0 424.0 1504.0 1918.0 0 0 0 0 0.0 0.0 0.0 0.0 0.0 0.0 0 0 0 0 0 0 0.0 0.0 0.0 0.0 0 0 0 0
0 0 2004.0 374.0 1589.0 2028.0 0 0 0 0 0.0 0.0 0.0 0.0 0.0 0.0 0 0 0 0 0 0 0.0 0.0 0.0 0.0 0 0 0 0
0 0 2054.0 450.0 1693.0 1850.0 0 0 0 0 0.0 0.0 1.0 0.0 0.0 0.0 0 0 0 0 0 0 0.0 0.0 0.0 0.0 0 0 0 0
0 0 2094.0 427.0 1603.0 1940.0 0 0 0 0 0.0 0.0 0.0 0.0 0.0 0.0 0 0 0 0 0 0 0.0 0.0 0.0 0.0 0 0 0 0
0 0 2069.0 474.0 1346.0 1983.0 0 0 0 0 0.0 0.0 0.0 0.0 0.0 0.0 0 0 0 0 0 0 0.0 0.0 0.0 0.0 0 0 0 0
0 0 2192.0 394.0 1487.0 1985.0 0 0 0 0 0.0 0.0 0.0 0.0 0.0 0.0 0 0 0 0 0 0 0.0 0.0 0.0 0.0 0 0 0 0
0 0 2089.0 410.0 1628.0 1970.0 0 0 0 0 0.0 0.0 1.0 0.0 0.0 0.0 0 0 0 0 0 0 0.0 0.0 0.0 0.0 0 0 0 0
0 0 1926.0 435.0 1531.0 1956.0 0 0 0 0 0.0 0.0 0.0 0.0 0.0 0.0 0 0 0 0 0 0 0.0 0.0 0.0 0.0 0 0 0 0
0 0 1953.0 394.0 1507.0 2183.0 0 0 0 0 0.0 0.0 1.0 0.0 0.0 0.0 0 0 0 0 0 0 0.0 0.0 0.0 0.0 0 0 0 0
0 0 1999.0 380.0 1628.0 1924.0 0 0 0 0 0.0 0.0 1.0 0.0 0.0 0.0 0 0 0 0 0 0 0.0 0.0 0.0 0.0 0 0 0 0
0 0 2096.0 411.0 1585.0 1942.0 0 0 0 0 0.0 0.0 0.0 0.0 0.0 0.0 0 0 0 0 0 0 0.0 0.0 0.0 0.0 0 0 0 0
0 0 2043.0 383.0 1799.0 1916.0 0 0 0 0 0.0 0.0 0.0 0.0 0.0 0.0 0 0 0 0 0 0 0.0 0.0 0.0 0.0 0 0 0 0
0 0 2101.0 347.0 1442.0 2028.0 0 0 0 0 0.0 0.0 0.0 0.0 0.0 0.0 0 0 0 0 0 0 0.0 0.0 0.0 0.0 0 0 0 0
0 0 2094.0 388.0 1469.0 1958.0 0 0 0 0 0.0 0.0 1.0 0.0 0.0 0.0 0 0 0 0 0 0 0.0 0.0 0.0 0.0 0 0 0 0
0 0 2015.0 413.0 1334.0 1970.0 0 0 0 0 0.0 0.0 0.0 0.0 0.0 0.0 0 0 0 0 0 0 0.0 0.0 0.0 0.0 0 0 0 0
0 0 1988.0 403.0 1458.0 1894.0 0 0 0 0 0.0 0.0 1.0 0.0 0.0 0.0 0 0 0 0 0 0 0.0 0.0 0.0 0.0 0 0 0 0
0 0 1973.0 413.0 1772.0 2082.0 0 0 0 0 0.0 0.0 0.0 0.0 0.0 1.0 0 0 0 0 0 0 0.0 0.0 0.0 0.0 0 0 0 0
0 0 2029.0 468.0 1601.0 1940.0 0 0 0 0 0.0 0.0 0.0 0.0 0.0 0.0 0 0 0 0 0 0 0.0 0.0 0.0 0.0 0 0 0 0
0 0 2021.0 364.0 1567.0 1971.0 0 0 0 0 0.0 0.0 0.0 0.0 0.0 0.0 0 0 0 0 0 0 0.0 0.0 0.0 0.0 0 0 0 0
0 0 1951.0 351.0 1687.0 2069.0 0 0 0 0 0.0 0.0 0.0 0.0 0.0 0.0 0 0 0 0 0 0 0.0 0.0 0.0 0.0 0 0 0 0
0 0 2046.0 450.0 1438.0 2090.0 0 0 0 0 0.0 0.0 1.0 0.0 0.0 0.0 0 0 0 0 0 0 0.0 0.0 0.0 0.0 0 0 0 0
0 0 1995.0 370.0 1730.0 2158.0 0 0 0 0 0.0 0.0 0.0 0.0 0.0 0.0 0 0 0 0 0 0 0.0 0.0 0.0 0.0 0 0 0 0
0 0 2021.0 396.0 1552.0 1997.0 0 0 0 0 0.0 0.0 0.0 0.0 0.0 0.0 0 0 0 0 0 0 0.0 0.0 0.0 0.0 0 0 0 0
0 0 1930.0 387.0 1438.0 1907.0 0 0 0 0 0.0 0.0 0.0 0.0 0.0 1.0 0 0 0 0 0 0 0.0 0.0 0.0 0.0 0 0 0 0
0 0 1985.0 381.0 1559.0 1964.0 0 0 0 0 0.0 0.0 0.0 0.0 0.0 0.0 0 0 0 0 0 0 0.0 0.0 0.0 0.0 0 0 0 0
0 0 1977.0 422.0 1455.0 2038.0 0 0 0 0 0.0 0.0 1.0 0.0 0.0 0.0 0 0 0 0 0 0 0.0 0.0 0.0 0.0 0 0 0 0
0 0 2042.0 404.0 1428.0 2038.0 0 0 0 0 0.0 0.0 1.0 0.0 0.0 0.0 0 0 0 0 0 0 0.0 0.0 0.0 0.0 0 0 0 0
0 0 2093.0 416.0 1615.0 1885.0 0 0 0 0 0.0 0.0 0.0 0.0 0.0 0.0 0 0 0 0 0 0 0.0 0.0 0.0 0.0 0 0 0 0
0 0 2063.0 429.0 1503.0 1854.0 0 0 0 0 0.0 0.0 0.0 0.0 0.0 0.0 0 0 0 0 0 0 0.0 0.0 0.0 0.0 0 0 0 0
0 0 2011.0 416.0 1603.0 1841.0 0 0 0 0 0.0 0.0 0.0 0.0 0.0 0.0 0 0 0 0 0 0 0.0 0.0 0.0 0.0 0 0 0 0
0 0 2096.0 411.0 1654.0 1974.0 0 0 0 0 0.0 0.0 0.0 0.0 0.0 1.0 0 0 0 0 0 0 0.0 0.0 0.0 0.0 0 0 0 0
0 0 1971.0 427.0 1506.0 2003.0 0 0 0 0 0.0 0.0 0.0 0.0 0.0 0.0 0 0 0 0 0 0 0.0 0.0 0.0 0.0 0 0 0 0
0 0 1948.0 430.0 1663.0 1945.0 0 0 0 0 0.0 0.0 0.0 0.0 0.0 0.0 0 0 0 0 0 0 0.0 0.0 0.0 0.0 0 0 0 0
0 0 2040.0 403.0 1587.0 2053.0 0 0 0 0 0.0 0.0 0.0 0.0 0.0 0.0 0 0 0 0 0 0 0.0 0.0 0.0 0.0 0 0 0 0
0 0 2007.0 426.0 1586.0 2157.0 0 0 0 0 0.0 0.0 0.0 0.0 0.0 1.0 0 0 0 0 0 0 0.0 0.0 0.0 0.0 0 0 0 0
0 0 1860.0 340.0 1527.0 2148.0 0 0 0 0 0.0 0.0 0.0 0.0 0.0 0.0 0 0 0 0 0 0 0.0 0.0 0.0 0.0 0 0 0 0
0 0 1998.0 411.0 1477.0 2125.0 0 0 0 0 0.0 0.0 1.0 0.0 0.0 0.0 0 0 0 0 0 0 0.0 0.0 0.0 0.0 0 0 0 0
0 0 1928.0 379.0 1461.0 1882.0 0 0 0 0 0.0 0.0 0.0 0.0 0.0 0.0 0 0 0 0 0 0 0.0 0.0 0.0 0.0 0 0 0 0
0 0 1952.0 346.0 1493.0 1913.0 0 0 0 0 0.0 0.0 0.0 0.0 0.0 0.0 0 0 0 0 0 0 0.0 0.0 0.0 0.0 0 0 0 0
0 0 2039.0 369.0 1552.0 1968.0 0 0 0 0 0.0 0.0 0.0 0.0 0.0 1.0 0 0 0 0 0 0 0.0 0.0 0.0 0.0 0 0 0 0
0 0 1930.0 365.0 1421.0 1849.0 0 0 0 0 0.0 0.0 0.0 0.0 0.0 0.0 0 0 0 0 0 0 0.0 0.0 0.0 0.0 0 0 0 0
0 0 1987.0 452.0 1565.0 2079.0 0 0 0 0 0.0 0.0 0.0 0.0 0.0 0.0 0 0 0 0 0 0 0.0 0.0 0.0 0.0 0 0 0 0
0 0 2024.0 329.0 1425.0 2023.0 0 0 0 0 0.0 0.0 0.0 0.0 0.0 0.0 0 0 0 0 0 0 0.0 0.0 0.0 0.0 0 0 0 0
0 0 1933.0 373.0 1744.0 1962.0 0 0 0 0 0.0 0.0 0.0 0.0 0.0 0.0 0 0 0 0 0 0 0.0 0.0 0.0 0.0 0 0 0 0
0 0 2125.0 374.0 1593.0 1867.0 0 0 0 0 0.0 0.0 0.0 0.0 0.0 0.0 0 0 0 0 0 0 0.0 0.0 0.0 0.0 0 0 0 0
0 0 1988.0 371.0 1325.0 1936.0 0 0 0 0 0.0 0.0 1.0 0.0 0.0 0.0 0 0 0 0 0 0 0.0 0.0 0.0 0.0 0 0 0 0
0 0 2000.0 413.0 1573.0 1982.0 0 0 0 0 0.0 0.0 0.0 0.0 0.0 0.0 0 0 0 0 0 0 0.0 0.0 0.0 0.0 0 0 0 0
0 0 1921.0 389.0 1422.0 1952.0 0 0 0 0 0.0 0.0 1.0 0.0 0.0 0.0 0 0 0 0 0 0 0.0 0.0 0.0 0.0 0 0 0 0
0 0 1932.0 418.0 1540.0 2048.0 0 0 0 0 0.0 0.0 0.0 0.0 0.0 0.0 0 0 0 0 0 0 0.0 0.0 0.0 0.0 0 0 0 0
0 0 1880.0 446.0 1566.0 2074.0 0 0 0 0 0.0 0.0 0.0 0.0 0.0 1.0 0 0 0 0 0 0 0.0 0.0 0.0 0.0 0 0 0 0
0 0 1978.0 302.0 1548.0 2214.0 0 0 0 0 0.0 0.0 0.0 0.0 0.0 0.0 0 0 0 0 0 0 0.0 0.0 0.0 0.0 0 0 0 0
0 0 1881.0 384.0 1559.0 2040.0 0 0 0 0 0.0 0.0 0.0 0.0 0.0 0.0 0 0 0 0 0 0 0.0 0.0 0.0 0.0 0 0 0 0
0 0 1967.0 379.0 1575.0 2133.0 0 0 0 0 0.0 0.0 1.0 0.0 0.0 0.0 0 0 0 0 0 0 0.0 0.0 0.0 0.0 0 0 0 0
0 0 1918.0 363.0 1263.0 2061.0 0 0 0 0 0.0 0.0 0.0 0.0 0.0 0.0 0 0 0 0 0 0 0.0 0.0 0.0 0.0 0 0 0 0
0 0 2066.0 370.0 1467.0 1993.0 0 0 0 0 0.0 0.0 0.0 0.0 0.0 0.0 0 0 0 0 0 0 0.0 0.0 0.0 0.0 0 0 0 0
0 0 1925.0 387.0 1570.0 2142.0 0 0 0 0 0.0 0.0 0.0 0.0 0.0 0.0 0 0 0 0 0 0 0.0 0.0 0.0 0.0 0 0 0 0
0 0 1936.0 420.0 1614.0 2110.0 0 0 0 0 0.0 0.0 0.0 0.0 0.0 1.0 0 0 0 0 0 0 0.0 0.0 0.0 0.0 0 0 0 0
0 0 1900.0 389.0 1568.0 1957.0 0 0 0 0 0.0 0.0 0.0 0.0 0.0 1.0 0 0 0 0 0 0 0.0 0.0 0.0 0.0 0 0 0 0
