coincidence_window [ps] = 500
capture_duration [sec] = 1.0
dark_capture_duration = 0.0
no_of_rep = 30
--------------------------------------------------------------------------------
step ustep rate1 rate2 rate3 rate4 dark1 dark2 dark3 dark4 rate12 rate13 rate14 rate23 rate24 rate34 dark12 dark13 dark14 dark23 dark24 dark34 rate123 rate124 rate134 rate234 dark123 dark124 dark13451612 0 105995.0 95913.0 75542.0 97700.0 0 0 0 0 13.0 13.0 15.0 11.0 13.0 13.0 0 0 0 0 0 0 0.0 0.0 0.0 0.0 0 0 0 0
51612 0 105504.0 95980.0 75182.0 97435.0 0 0 0 0 9.0 8.0 13.0 5.0 5.0 4.0 0 0 0 0 0 0 0.0 0.0 0.0 0.0 0 0 0 0
51612 0 105596.0 95667.0 75481.0 97037.0 0 0 0 0 8.0 8.0 5.0 3.0 10.0 11.0 0 0 0 0 0 0 0.0 0.0 0.0 0.0 0 0 0 0
51612 0 105317.0 94815.0 75528.0 96885.0 0 0 0 0 7.0 11.0 10.0 12.0 5.0 7.0 0 0 0 0 0 0 0.0 0.0 0.0 0.0 0 0 0 0
51612 0 105722.0 95469.0 75716.0 97321.0 0 0 0 0 8.0 6.0 13.0 14.0 8.0 8.0 0 0 0 0 0 0 0.0 0.0 0.0 0.0 0 0 0 0
51612 0 105899.0 95265.0 75876.0 97078.0 0 0 0 0 9.0 11.0 5.0 7.0 9.0 6.0 0 0 0 0 0 0 0.0 0.0 0.0 0.0 0 0 0 0
51612 0 105340.0 95185.0 75673.0 97653.0 0 0 0 0 11.0 9.0 11.0 5.0 10.0 8.0 0 0 0 0 0 0 0.0 0.0 0.0 0.0 0 0 0 0
51612 0 105296.0 95537.0 74861.0 97345.0 0 0 0 0 9.0 9.0 13.0 7.0 11.0 4.0 0 0 0 0 0 0 0.0 0.0 0.0 0.0 0 0 0 0
51612 0 105335.0 95190.0 74779.0 97396.0 0 0 0 0 8.0 5.0 7.0 5.0 8.0 3.0 0 0 0 0 0 0 0.0 0.0 0.0 0.0 0 0 0 0
51612 0 106024.0 95605.0 74739.0 96832.0 0 0 0 0 12.0 9.0 10.0 7.0 10.0 10.0 0 0 0 0 0 0 0.0 0.0 0.0 0.0 0 0 0 0
51612 0 105650.0 95271.0 75110.0 97300.0 0 0 0 0 9.0 9.0 12.0 4.0 9.0 6.0 0 0 0 0 0 0 0.0 0.0 0.0 0.0 0 0 0 0
51612 0 105199.0 95507.0 75846.0 97584.0 0 0 0 0 12.0 8.0 6.0 12.0 9.0 6.0 0 0 0 0 0 0 0.0 0.0 0.0 0.0 0 0 0 0
51612 0 105051.0 95445.0 75549.0 96564.0 0 0 0 0 9.0 11.0 13.0 3.0 6.0 5.0 0 0 0 0 0 0 0.0 0.0 0.0 0.0 0 0 0 0
51612 0 105706.0 95303.0 75777.0 97602.0 0 0 0 0 11.0 2.0 13.0 11.0 10.0 2.0 0 0 0 0 0 0 0.0 0.0 0.0 0.0 0 0 0 0
51612 0 105592.0 95279.0 74943.0 97363.0 0 0 0 0 15.0 11.0 10.0 7.0 11.0 6.0 0 0 0 0 0 0 0.0 0.0 0.0 0.0 0 0 0 0
51612 0 105059.0 95350.0 75532.0 96960.0 0 0 0 0 9.0 10.0 11.0 9.0 9.0 6.0 0 0 0 0 0 0 0.0 0.0 0.0 0.0 0 0 0 0
51612 0 105292.0 94896.0 75202.0 97429.0 0 0 0 0 8.0 8.0 13.0 9.0 9.0 6.0 0 0 0 0 0 0 0.0 0.0 0.0 0.0 0 0 0 0
51612 0 105000.0 96029.0 74994.0 97553.0 0 0 0 0 14.0 10.0 8.0 6.0 10.0 7.0 0 0 0 0 0 0 0.0 0.0 0.0 0.0 0 0 0 0
51612 0 104963.0 95246.0 75637.0 98043.0 0 0 0 0 14.0 8.0 11.0 6.0 10.0 15.0 0 0 0 0 0 0 0.0 0.0 0.0 0.0 0 0 0 0
51612 0 104825.0 94675.0 75628.0 97683.0 0 0 0 0 13.0 14.0 5.0 9.0 13.0 2.0 0 0 0 0 0 0 0.0 0.0 0.0 0.0 0 0 0 0
51612 0 104783.0 95375.0 74939.0 97071.0 0 0 0 0 13.0 16.0 9.0 6.0 6.0 8.0 0 0 0 0 0 0 0.0 0.0 0.0 0.0 0 0 0 0
51612 0 105021.0 94994.0 75218.0 97799.0 0 0 0 0 8.0 10.0 8.0 7.0 13.0 8.0 0 0 0 0 0 0 0.0 0.0 0.0 0.0 0 0 0 0
51612 0 106491.0 95280.0 75693.0 97246.0 0 0 0 0 15.0 11.0 12.0 8.0 13.0 5.0 0 0 0 0 0 0 0.0 0.0 0.0 0.0 0 0 0 0
51612 0 105665.0 94817.0 74991.0 96839.0 0 0 0 0 3.0 14.0 14.0 7.0 8.0 9.0 0 0 0 0 0 0 0.0 0.0 0.0 0.0 0 0 0 0
51612 0 105340.0 95083.0 75233.0 97459.0 0 0 0 0 9.0 8.0 12.0 4.0 8.0 7.0 0 0 0 0 0 0 0.0 0.0 0.0 0.0 0 0 0 0
51612 0 105311.0 95547.0 74958.0 96628.0 0 0 0 0 8.0 7.0 8.0 7.0 12.0 5.0 0 0 0 0 0 0 0.0 0.0 0.0 0.0 0 0 0 0
51612 0 105013.0 95149.0 75565.0 96866.0 0 0 0 0 8.0 8.0 10.0 6.0 17.0 8.0 0 0 0 0 0 0 0.0 0.0 0.0 0.0 0 0 0 0
51612 0 105160.0 95549.0 75563.0 97088.0 0 0 0 0 13.0 8.0 12.0 4.0 12.0 8.0 0 0 0 0 0 0 0.0 0.0 0.0 0.0 0 0 0 0
51612 0 105907.0 94777.0 75239.0 96944.0 0 0 0 0 7.0 9.0 9.0 9.0 7.0 6.0 0 0 0 0 0 0 0.0 0.0 0.0 0.0 0 0 0 0
51612 0 105933.0 94920.0 75845.0 97076.0 0 0 0 0 11.0 9.0 13.0 12.0 11.0 5.0 0 0 0 0 0 0 0.0 0.0 0.0 0.0 0 0 0 0
51616 0 104845.0 95383.0 75414.0 97655.0 0 0 0 0 11.0 5.0 10.0 7.0 18.0 18.0 0 0 0 0 0 0 0.0 0.0 0.0 0.0 0 0 0 0
51616 0 105774.0 95456.0 75252.0 96970.0 0 0 0 0 15.0 6.0 15.0 8.0 9.0 9.0 0 0 0 0 0 0 0.0 0.0 0.0 0.0 0 0 0 0
51616 0 104837.0 95506.0 75275.0 97263.0 0 0 0 0 14.0 10.0 19.0 10.0 12.0 5.0 0 0 0 0 0 0 0.0 0.0 0.0 0.0 0 0 0 0
51616 0 105769.0 95691.0 75416.0 97138.0 0 0 0 0 9.0 9.0 5.0 7.0 8.0 3.0 0 0 0 0 0 0 0.0 0.0 0.0 0.0 0 0 0 0
51616 0 105406.0 95907.0 74954.0 97136.0 0 0 0 0 13.0 9.0 9.0 7.0 14.0 7.0 0 0 0 0 0 0 0.0 0.0 0.0 0.0 0 0 0 0
51616 0 105015.0 95795.0 75245.0 96977.0 0 0 0 0 7.0 8.0 8.0 9.0 10.0 6.0 0 0 0 0 0 0 0.0 0.0 0.0 0.0 0 0 0 0
51616 0 105762.0 95162.0 74853.0 98137.0 0 0 0 0 11.0 9.0 8.0 5.0 16.0 11.0 0 0 0 0 0 0 0.0 0.0 0.0 0.0 0 0 0 0
51616 0 105017.0 95509.0 75492.0 97215.0 0 0 0 0 8.0 12.0 16.0 8.0 7.0 6.0 0 0 0 0 0 0 0.0 0.0 0.0 0.0 0 0 0 0
51616 0 105079.0 95310.0 75650.0 97393.0 0 0 0 0 14.0 7.0 5.0 6.0 7.0 9.0 0 0 0 0 0 0 0.0 0.0 0.0 0.0 0 0 0 0
51616 0 104791.0 94849.0 75584.0 97249.0 0 0 0 0 14.0 4.0 12.0 4.0 6.0 11.0 0 0 0 0 0 0 0.0 0.0 0.0 0.0 0 0 0 0
51616 0 105084.0 95423.0 74979.0 97136.0 0 0 0 0 10.0 8.0 7.0 6.0 10.0 5.0 0 0 0 0 0 0 0.0 0.0 0.0 0.0 0 0 0 0
51616 0 106013.0 95084.0 75050.0 97432.0 0 0 0 0 4.0 9.0 10.0 11.0 12.0 9.0 0 0 0 0 0 0 0.0 0.0 0.0 0.0 0 0 0 0
51616 0 106089.0 95170.0 74823.0 97039.0 0 0 0 0 10.0 7.0 13.0 10.0 9.0 7.0 0 0 0 0 0 0 0.0 0.0 0.0 0.0 0 0 0 0
51616 0 104987.0 95143.0 75397.0 96965.0 0 0 0 0 14.0 12.0 9.0 5.0 10.0 8.0 0 0 0 0 0 0 0.0 0.0 0.0 0.0 0 0 0 0
51616 0 105741.0 94869.0 74928.0 97127.0 0 0 0 0 9.0 11.0 11.0 13.0 12.0 7.0 0 0 0 0 0 0 0.0 0.0 0.0 0.0 0 0 0 0
51616 0 104882.0 95205.0 74999.0 96634.0 0 0 0 0 10.0 6.0 14.0 7.0 5.0 6.0 0 0 0 0 0 0 0.0 0.0 0.0 0.0 0 0 0 0
51616 0 105630.0 95324.0 74994.0 97175.0 0 0 0 0 15.0 9.0 13.0 3.0 9.0 7.0 0 0 0 0 0 0 0.0 0.0 0.0 0.0 0 0 0 0
51616 0 104702.0 95111.0 75066.0 97417.0 0 0 0 0 19.0 7.0 5.0 12.0 8.0 5.0 0 0 0 0 0 0 0.0 0.0 0.0 0.0 0 0 0 0
51616 0 105520.0 95421.0 75694.0 97319.0 0 0 0 0 7.0 6.0 10.0 6.0 13.0 9.0 0 0 0 0 0 0 0.0 0.0 0.0 0.0 0 0 0 0
51616 0 105463.0 94984.0 75279.0 96686.0 0 0 0 0 8.0 10.0 4.0 1.0 8.0 4.0 0 0 0 0 0 0 0.0 0.0 0.0 0.0 0 0 0 0
51616 0 105601.0 94633.0 75230.0 97241.0 0 0 0 0 9.0 5.0 10.0 7.0 6.0 5.0 0 0 0 0 0 0 0.0 0.0 0.0 0.0 0 0 0 0
51616 0 105683.0 95081.0 75796.0 97428.0 0 0 0 0 15.0 15.0 12.0 5.0 15.0 10.0 0 0 0 0 0 0 0.0 0.0 0.0 0.0 0 0 0 0
51616 0 104608.0 95693.0 75365.0 96909.0 0 0 0 0 13.0 15.0 12.0 12.0 7.0 9.0 0 0 0 0 0 0 0.0 0.0 0.0 0.0 0 0 0 0
51616 0 105553.0 95134.0 74541.0 97250.0 0 0 0 0 13.0 9.0 11.0 10.0 7.0 6.0 0 0 0 0 0 0 0.0 0.0 0.0 0.0 0 0 0 0
51616 0 105039.0 95322.0 74959.0 97180.0 0 0 0 0 8.0 6.0 5.0 7.0 9.0 6.0 0 0 0 0 0 0 0.0 0.0 0.0 0.0 0 0 0 0
51616 0 105402.0 95416.0 74981.0 96835.0 0 0 0 0 12.0 7.0 13.0 4.0 10.0 8.0 0 0 0 0 0 0 0.0 0.0 0.0 0.0 0 0 0 0
51616 0 104871.0 95599.0 75223.0 97045.0 0 0 0 0 6.0 1.0 9.0 12.0 12.0 6.0 0 0 0 0 0 0 0.0 0.0 0.0 0.0 0 0 0 0
51616 0 104686.0 95673.0 74679.0 97546.0 0 0 0 0 10.0 9.0 17.0 9.0 4.0 7.0 0 0 0 0 0 0 0.0 0.0 0.0 0.0 0 0 0 0
51616 0 105450.0 95550.0 75047.0 97023.0 0 0 0 0 15.0 6.0 10.0 5.0 8.0 8.0 0 0 0 0 0 0 0.0 0.0 0.0 0.0 0 0 0 0
51616 0 105751.0 94601.0 75173.0 96708.0 0 0 0 0 12.0 8.0 8.0 11.0 12.0 7.0 0 0 0 0 0 0 0.0 0.0 0.0 0.0 0 0 0 0
51620 0 105613.0 95214.0 75700.0 97170.0 0 0 0 0 11.0 9.0 12.0 8.0 9.0 5.0 0 0 0 0 0 0 0.0 0.0 0.0 0.0 0 0 0 0
51620 0 106075.0 95155.0 76002.0 97121.0 0 0 0 0 14.0 4.0 4.0 6.0 10.0 13.0 0 0 0 0 0 0 0.0 0.0 0.0 0.0 0 0 0 0
51620 0 105034.0 94456.0 75117.0 96856.0 0 0 0 0 3.0 5.0 16.0 8.0 11.0 4.0 0 0 0 0 0 0 0.0 0.0 0.0 0.0 0 0 0 0
51620 0 105014.0 95105.0 74997.0 97305.0 0 0 0 0 9.0 7.0 8.0 7.0 12.0 5.0 0 0 0 0 0 0 0.0 0.0 0.0 0.0 0 0 0 0
51620 0 105177.0 95729.0 75435.0 96796.0 0 0 0 0 15.0 10.0 6.0 7.0 6.0 5.0 0 0 0 0 0 0 0.0 0.0 0.0 0.0 0 0 0 0
51620 0 105185.0 94858.0 74390.0 97695.0 0 0 0 0 11.0 7.0 12.0 2.0 9.0 8.0 0 0 0 0 0 0 0.0 0.0 0.0 0.0 0 0 0 0
51620 0 105795.0 95126.0 75185.0 96897.0 0 0 0 0 10.0 12.0 10.0 6.0 6.0 6.0 0 0 0 0 0 0 0.0 0.0 0.0 0.0 0 0 0 0
51620 0 105425.0 94994.0 75433.0 96897.0 0 0 0 0 10.0 6.0 12.0 3.0 13.0 6.0 0 0 0 0 0 0 0.0 0.0 0.0 0.0 0 0 0 0
51620 0 105703.0 95296.0 75021.0 96752.0 0 0 0 0 10.0 11.0 8.0 7.0 8.0 2.0 0 0 0 0 0 0 0.0 0.0 0.0 0.0 0 0 0 0
51620 0 105895.0 95681.0 75317.0 96901.0 0 0 0 0 9.0 9.0 15.0 6.0 9.0 4.0 0 0 0 0 0 0 0.0 0.0 0.0 0.0 0 0 0 0
51620 0 105430.0 95533.0 75307.0 97570.0 0 0 0 0 8.0 11.0 16.0 9.0 7.0 7.0 0 0 0 0 0 0 0.0 0.0 0.0 0.0 0 0 0 0
51620 0 105341.0 95405.0 75276.0 96906.0 0 0 0 0 8.0 8.0 9.0 6.0 7.0 5.0 0 0 0 0 0 0 0.0 0.0 0.0 0.0 0 0 0 0
51620 0 105758.0 95136.0 75629.0 97380.0 0 0 0 0 11.0 9.0 10.0 5.0 8.0 7.0 0 0 0 0 0 0 0.0 0.0 0.0 0.0 0 0 0 0
51620 0 105416.0 94955.0 75148.0 97442.0 0 0 0 0 14.0 10.0 13.0 7.0 12.0 9.0 0 0 0 0 0 0 0.0 0.0 0.0 0.0 0 0 0 0
51620 0 105580.0 95224.0 75392.0 97190.0 0 0 0 0 7.0 8.0 16.0 3.0 5.0 6.0 0 0 0 0 0 0 0.0 0.0 0.0 0.0 0 0 0 0
51620 0 105171.0 95327.0 74854.0 97498.0 0 0 0 0 21.0 6.0 15.0 7.0 4.0 9.0 0 0 0 0 0 0 0.0 0.0 0.0 0.0 0 0 0 0
51620 0 105105.0 95754.0 74884.0 96473.0 0 0 0 0 13.0 12.0 12.0 12.0 6.0 6.0 0 0 0 0 0 0 0.0 0.0 0.0 0.0 0 0 0 0
51620 0 104515.0 95186.0 75487.0 96981.0 0 0 0 0 8.0 7.0 9.0 6.0 4.0 5.0 0 0 0 0 0 0 0.0 0.0 0.0 0.0 0 0 0 0
51620 0 105289.0 95069.0 75580.0 96455.0 0 0 0 0 8.0 4.0 11.0 5.0 6.0 11.0 0 0 0 0 0 0 0.0 0.0 0.0 0.0 0 0 0 0
51620 0 105365.0 95575.0 75644.0 97290.0 0 0 0 0 3.0 4.0 7.0 6.0 11.0 7.0 0 0 0 0 0 0 0.0 0.0 0.0 0.0 0 0 0 0
51620 0 105135.0 95388.0 75458.0 96948.0 0 0 0 0 9.0 5.0 8.0 7.0 10.0 6.0 0 0 0 0 0 0 0.0 0.0 0.0 0.0 0 0 0 0
51620 0 105417.0 94995.0 75621.0 97141.0 0 0 0 0 6.0 3.0 8.0 6.0 6.0 10.0 0 0 0 0 0 0 0.0 0.0 0.0 0.0 0 0 0 0
51620 0 105346.0 95084.0 74896.0 97424.0 0 0 0 0 13.0 5.0 9.0 10.0 5.0 4.0 0 0 0 0 0 0 0.0 0.0 0.0 0.0 0 0 0 0
51620 0 105353.0 95060.0 75065.0 96807.0 0 0 0 0 9.0 4.0 14.0 7.0 16.0 6.0 0 0 0 0 0 0 0.0 0.0 0.0 0.0 0 0 0 0
51620 0 105301.0 95127.0 75029.0 97064.0 0 0 0 0 10.0 11.0 10.0 7.0 3.0 7.0 0 0 0 0 0 0 0.0 0.0 0.0 0.0 0 0 0 0
51620 0 105086.0 95871.0 75429.0 97201.0 0 0 0 0 7.0 10.0 11.0 14.0 13.0 7.0 0 0 0 0 0 0 0.0 0.0 0.0 0.0 0 0 0 0
51620 0 105486.0 95696.0 75278.0 97203.0 0 0 0 0 7.0 6.0 6.0 7.0 10.0 6.0 0 0 0 0 0 0 0.0 0.0 0.0 0.0 0 0 0 0
51620 0 104765.0 95434.0 75611.0 96561.0 0 0 0 0 9.0 7.0 9.0 7.0 11.0 8.0 0 0 0 0 0 0 0.0 0.0 0.0 0.0 0 0 0 0
51620 0 105232.0 94415.0 75317.0 96870.0 0 0 0 0 12.0 8.0 10.0 9.0 13.0 11.0 0 0 0 0 0 0 0.0 0.0 0.0 0.0 0 0 0 0
51620 0 105342.0 95115.0 75284.0 96885.0 0 0 0 0 11.0 8.0 14.0 8.0 10.0 5.0 0 0 0 0 0 0 0.0 0.0 0.0 0.0 0 0 0 0
51624 0 105431.0 94954.0 75062.0 96893.0 0 0 0 0 7.0 7.0 16.0 5.0 12.0 10.0 0 0 0 0 0 0 0.0 0.0 0.0 0.0 0 0 0 0
51624 0 105239.0 95267.0 75459.0 96627.0 0 0 0 0 16.0 7.0 7.0 6.0 9.0 8.0 0 0 0 0 0 0 0.0 0.0 0.0 0.0 0 0 0 0
51624 0 105030.0 95423.0 74981.0 96861.0 0 0 0 0 16.0 11.0 16.0 7.0 8.0 10.0 0 0 0 0 0 0 0.0 0.0 0.0 0.0 0 0 0 0
51624 0 105007.0 95240.0 75521.0 96820.0 0 0 0 0 11.0 4.0 11.0 10.0 8.0 8.0 0 0 0 0 0 0 0.0 0.0 0.0 0.0 0 0 0 0
51624 0 105115.0 94849.0 75463.0 97242.0 0 0 0 0 6.0 9.0 13.0 4.0 9.0 11.0 0 0 0 0 0 0 0.0 0.0 0.0 0.0 0 0 0 0
51624 0 105338.0 94747.0 75633.0 97190.0 0 0 0 0 7.0 7.0 13.0 6.0 10.0 11.0 0 0 0 0 0 0 0.0 0.0 0.0 0.0 0 0 0 0
51624 0 104593.0 94849.0 75261.0 96862.0 0 0 0 0 7.0 9.0 8.0 7.0 11.0 16.0 0 0 0 0 0 0 0.0 0.0 0.0 0.0 0 0 0 0
51624 0 105123.0 95062.0 75399.0 96719.0 0 0 0 0 11.0 6.0 13.0 9.0 6.0 8.0 0 0 0 0 0 0 0.0 0.0 0.0 0.0 0 0 0 0
51624 0 105449.0 94890.0 74700.0 96698.0 0 0 0 0 11.0 4.0 12.0 10.0 6.0 2.0 0 0 0 0 0 0 0.0 0.0 0.0 0.0 0 0 0 0
51624 0 105166.0 95185.0 75406.0 97327.0 0 0 0 0 13.0 10.0 13.0 10.0 8.0 6.0 0 0 0 0 0 0 0.0 0.0 0.0 0.0 0 0 0 0
51624 0 104769.0 95313.0 75711.0 96899.0 0 0 0 0 10.0 9.0 9.0 4.0 11.0 11.0 0 0 0 0 0 0 0.0 0.0 0.0 0.0 0 0 0 0
51624 0 105218.0 94920.0 75179.0 97367.0 0 0 0 0 7.0 7.0 8.0 4.0 9.0 5.0 0 0 0 0 0 0 0.0 0.0 0.0 0.0 0 0 0 0
51624 0 104766.0 95059.0 75077.0 97165.0 0 0 0 0 14.0 8.0 10.0 4.0 12.0 6.0 0 0 0 0 0 0 0.0 0.0 0.0 0.0 0 0 0 0
51624 0 105614.0 95434.0 75152.0 97576.0 0 0 0 0 13.0 9.0 10.0 4.0 4.0 9.0 0 0 0 0 0 0 0.0 0.0 0.0 0.0 0 0 0 0
51624 0 105248.0 94350.0 75181.0 97452.0 0 0 0 0 12.0 8.0 6.0 3.0 8.0 7.0 0 0 0 0 0 0 0.0 0.0 0.0 0.0 0 0 0 0
51624 0 104841.0 94684.0 74930.0 96744.0 0 0 0 0 8.0 8.0 4.0 5.0 12.0 7.0 0 0 0 0 0 0 0.0 0.0 0.0 0.0 0 0 0 0
51624 0 105349.0 94732.0 75429.0 96394.0 0 0 0 0 11.0 5.0 9.0 6.0 9.0 6.0 0 0 0 0 0 0 0.0 0.0 0.0 0.0 0 0 0 0
51624 0 105157.0 95204.0 74287.0 96835.0 0 0 0 0 8.0 6.0 13.0 3.0 11.0 7.0 0 0 0 0 0 0 0.0 0.0 0.0 0.0 0 0 0 0
51624 0 104522.0 94800.0 75052.0 96963.0 0 0 0 0 11.0 7.0 10.0 3.0 12.0 4.0 0 0 0 0 0 0 0.0 0.0 0.0 0.0 0 0 0 0
51624 0 104857.0 95306.0 75004.0 97008.0 0 0 0 0 13.0 10.0 13.0 14.0 7.0 7.0 0 0 0 0 0 0 0.0 0.0 0.0 0.0 0 0 0 0
51624 0 105226.0 95706.0 74649.0 97048.0 0 0 0 0 13.0 5.0 14.0 7.0 7.0 7.0 0 0 0 0 0 0 0.0 0.0 0.0 0.0 0 0 0 0
51624 0 104587.0 95836.0 75491.0 96823.0 0 0 0 0 11.0 17.0 6.0 6.0 10.0 8.0 0 0 0 0 0 0 0.0 0.0 0.0 0.0 0 0 0 0
51624 0 104751.0 95949.0 75437.0 96916.0 0 0 0 0 14.0 12.0 18.0 8.0 4.0 7.0 0 0 0 0 0 0 0.0 0.0 0.0 0.0 0 0 0 0
51624 0 105604.0 94639.0 75655.0 97012.0 0 0 0 0 7.0 4.0 9.0 9.0 14.0 7.0 0 0 0 0 0 0 0.0 0.0 0.0 0.0 0 0 0 0
51624 0 105102.0 94935.0 75288.0 96934.0 0 0 0 0 11.0 12.0 12.0 2.0 9.0 11.0 0 0 0 0 0 0 0.0 0.0 0.0 0.0 0 0 0 0
51624 0 104905.0 95056.0 74929.0 96798.0 0 0 0 0 7.0 16.0 7.0 14.0 12.0 18.0 0 0 0 0 0 0 0.0 0.0 0.0 0.0 0 0 0 0
51624 0 105480.0 95669.0 74886.0 97139.0 0 0 0 0 14.0 11.0 10.0 8.0 14.0 9.0 0 0 0 0 0 0 0.0 0.0 0.0 0.0 0 0 0 0
51624 0 105492.0 95792.0 76020.0 96664.0 0 0 0 0 20.0 9.0 15.0 7.0 5.0 2.0 0 0 0 0 0 0 0.0 0.0 0.0 0.0 0 0 0 0
51624 0 104828.0 95668.0 75345.0 97005.0 0 0 0 0 13.0 9.0 7.0 10.0 10.0 8.0 0 0 0 0 0 0 0.0 0.0 0.0 0.0 0 0 0 0
51624 0 104566.0 95785.0 75084.0 97003.0 0 0 0 0 7.0 7.0 10.0 10.0 5.0 13.0 0 0 0 0 0 0 0.0 0.0 0.0 0.0 0 0 0 0
51628 0 105148.0 95099.0 75546.0 96880.0 0 0 0 0 16.0 10.0 14.0 8.0 6.0 8.0 0 0 0 0 0 0 0.0 0.0 0.0 0.0 0 0 0 0
51628 0 105436.0 95200.0 75234.0 97394.0 0 0 0 0 7.0 5.0 5.0 3.0 5.0 13.0 0 0 0 0 0 0 0.0 0.0 0.0 0.0 0 0 0 0
51628 0 105007.0 95748.0 75037.0 96945.0 0 0 0 0 8.0 6.0 9.0 2.0 12.0 4.0 0 0 0 0 0 0 0.0 0.0 0.0 0.0 0 0 0 0
51628 0 104824.0 95092.0 75363.0 96895.0 0 0 0 0 11.0 7.0 8.0 9.0 7.0 12.0 0 0 0 0 0 0 0.0 0.0 0.0 0.0 0 0 0 0
51628 0 104619.0 94694.0 75305.0 96352.0 0 0 0 0 5.0 6.0 8.0 4.0 17.0 3.0 0 0 0 0 0 0 0.0 0.0 0.0 0.0 0 0 0 0
51628 0 105291.0 95711.0 76576.0 97368.0 0 0 0 0 50.0 74.0 165.0 144.0 114.0 137.0 0 0 0 0 0 0 6.0 26.0 44.0 5.0 0 0 0 0
51628 0 105674.0 95143.0 75639.0 97692.0 0 0 0 0 11.0 6.0 10.0 8.0 11.0 9.0 0 0 0 0 0 0 0.0 0.0 0.0 0.0 0 0 0 0
51628 0 105677.0 95369.0 75307.0 96772.0 0 0 0 0 9.0 5.0 10.0 13.0 11.0 6.0 0 0 0 0 0 0 0.0 0.0 0.0 0.0 0 0 0 0
51628 0 106271.0 95597.0 75636.0 97609.0 0 0 0 0 5.0 15.0 18.0 5.0 9.0 4.0 0 0 0 0 0 0 0.0 0.0 0.0 0.0 0 0 0 0
51628 0 105304.0 95960.0 75831.0 97431.0 0 0 0 0 11.0 7.0 12.0 7.0 6.0 8.0 0 0 0 0 0 0 0.0 0.0 0.0 0.0 0 0 0 0
51628 0 105636.0 95738.0 75507.0 96685.0 0 0 0 0 10.0 8.0 18.0 5.0 5.0 7.0 0 0 0 0 0 0 0.0 0.0 0.0 0.0 0 0 0 0
51628 0 105511.0 95308.0 75235.0 96878.0 0 0 0 0 9.0 4.0 15.0 7.0 10.0 5.0 0 0 0 0 0 0 0.0 0.0 0.0 0.0 0 0 0 0
51628 0 105534.0 95568.0 75929.0 97514.0 0 0 0 0 9.0 9.0 11.0 2.0 7.0 8.0 0 0 0 0 0 0 0.0 0.0 0.0 0.0 0 0 0 0
51628 0 106244.0 95251.0 75583.0 97763.0 0 0 0 0 10.0 3.0 7.0 7.0 9.0 4.0 0 0 0 0 0 0 0.0 0.0 0.0 0.0 0 0 0 0
51628 0 105733.0 95516.0 75578.0 97513.0 0 0 0 0 10.0 12.0 11.0 9.0 11.0 7.0 0 0 0 0 0 0 0.0 0.0 0.0 0.0 0 0 0 0
51628 0 105437.0 95351.0 75834.0 97807.0 0 0 0 0 16.0 3.0 10.0 8.0 8.0 9.0 0 0 0 0 0 0 0.0 0.0 0.0 0.0 0 0 0 0
51628 0 106586.0 95453.0 75943.0 97457.0 0 0 0 0 14.0 7.0 10.0 8.0 7.0 7.0 0 0 0 0 0 0 0.0 0.0 0.0 0.0 0 0 0 0
51628 0 106113.0 95648.0 75726.0 97564.0 0 0 0 0 11.0 5.0 12.0 9.0 1.0 6.0 0 0 0 0 0 0 0.0 0.0 0.0 0.0 0 0 0 0
51628 0 105333.0 95196.0 75298.0 97533.0 0 0 0 0 6.0 8.0 8.0 7.0 7.0 13.0 0 0 0 0 0 0 0.0 0.0 0.0 0.0 0 0 0 0
51628 0 105562.0 95749.0 75346.0 96441.0 0 0 0 0 7.0 9.0 13.0 10.0 8.0 3.0 0 0 0 0 0 0 0.0 0.0 0.0 0.0 0 0 0 0
51628 0 105253.0 95920.0 74920.0 97903.0 0 0 0 0 10.0 13.0 17.0 4.0 14.0 5.0 0 0 0 0 0 0 0.0 0.0 0.0 0.0 0 0 0 0
51628 0 106000.0 95571.0 75889.0 97088.0 0 0 0 0 17.0 7.0 10.0 9.0 10.0 8.0 0 0 0 0 0 0 0.0 0.0 0.0 0.0 0 0 0 0
51628 0 105114.0 94890.0 75353.0 97414.0 0 0 0 0 8.0 11.0 10.0 4.0 5.0 9.0 0 0 0 0 0 0 0.0 0.0 0.0 0.0 0 0 0 0
51628 0 105444.0 94950.0 75649.0 97571.0 0 0 0 0 10.0 10.0 10.0 5.0 9.0 12.0 0 0 0 0 0 0 0.0 0.0 0.0 0.0 0 0 0 0
51628 0 105469.0 95627.0 75288.0 96637.0 0 0 0 0 10.0 11.0 8.0 12.0 10.0 11.0 0 0 0 0 0 0 0.0 0.0 0.0 0.0 0 0 0 0
51628 0 105996.0 95167.0 75627.0 96894.0 0 0 0 0 12.0 6.0 14.0 8.0 16.0 4.0 0 0 0 0 0 0 0.0 0.0 0.0 0.0 0 0 0 0
51628 0 105835.0 95383.0 75823.0 96626.0 0 0 0 0 3.0 6.0 9.0 5.0 9.0 12.0 0 0 0 0 0 0 0.0 0.0 0.0 0.0 0 0 0 0
51628 0 105362.0 95133.0 75473.0 97040.0 0 0 0 0 8.0 10.0 15.0 5.0 8.0 12.0 0 0 0 0 0 0 0.0 0.0 0.0 0.0 0 0 0 0
51628 0 105093.0 95669.0 75094.0 97629.0 0 0 0 0 8.0 9.0 9.0 10.0 2.0 8.0 0 0 0 0 0 0 0.0 0.0 0.0 0.0 0 0 0 0
51628 0 105393.0 95077.0 75830.0 97155.0 0 0 0 0 13.0 9.0 15.0 3.0 7.0 6.0 0 0 0 0 0 0 0.0 0.0 0.0 0.0 0 0 0 0
51632 0 106084.0 95485.0 75503.0 97067.0 0 0 0 0 11.0 10.0 13.0 9.0 7.0 7.0 0 0 0 0 0 0 0.0 0.0 0.0 0.0 0 0 0 0
51632 0 105636.0 95401.0 75613.0 97936.0 0 0 0 0 11.0 11.0 9.0 9.0 14.0 12.0 0 0 0 0 0 0 0.0 0.0 0.0 0.0 0 0 0 0
51632 0 105611.0 95862.0 75513.0 97334.0 0 0 0 0 6.0 6.0 11.0 5.0 6.0 9.0 0 0 0 0 0 0 0.0 0.0 0.0 0.0 0 0 0 0
51632 0 105646.0 95350.0 75442.0 97002.0 0 0 0 0 11.0 15.0 7.0 6.0 9.0 9.0 0 0 0 0 0 0 0.0 0.0 0.0 0.0 0 0 0 0
51632 0 105975.0 95547.0 76260.0 97297.0 0 0 0 0 13.0 6.0 7.0 10.0 9.0 8.0 0 0 0 0 0 0 0.0 0.0 0.0 0.0 0 0 0 0
51632 0 106426.0 96121.0 75674.0 97852.0 0 0 0 0 10.0 8.0 14.0 7.0 9.0 12.0 0 0 0 0 0 0 0.0 0.0 0.0 0.0 0 0 0 0
51632 0 106098.0 95219.0 75242.0 97078.0 0 0 0 0 12.0 3.0 10.0 12.0 4.0 9.0 0 0 0 0 0 0 0.0 0.0 0.0 0.0 0 0 0 0
51632 0 106252.0 95380.0 75598.0 97297.0 0 0 0 0 5.0 4.0 18.0 7.0 4.0 8.0 0 0 0 0 0 0 0.0 0.0 0.0 0.0 0 0 0 0
51632 0 105795.0 94819.0 74860.0 96949.0 0 0 0 0 7.0 16.0 10.0 7.0 4.0 5.0 0 0 0 0 0 0 0.0 0.0 0.0 0.0 0 0 0 0
51632 0 105591.0 95778.0 75295.0 96883.0 0 0 0 0 10.0 7.0 15.0 5.0 5.0 8.0 0 0 0 0 0 0 0.0 0.0 0.0 0.0 0 0 0 0
51632 0 105712.0 95593.0 74928.0 98129.0 0 0 0 0 14.0 10.0 9.0 8.0 8.0 6.0 0 0 0 0 0 0 0.0 0.0 0.0 0.0 0 0 0 0
51632 0 106031.0 95691.0 75825.0 97641.0 0 0 0 0 18.0 13.0 7.0 7.0 11.0 9.0 0 0 0 0 0 0 0.0 0.0 0.0 0.0 0 0 0 0
51632 0 105520.0 95158.0 75667.0 97056.0 0 0 0 0 15.0 11.0 12.0 9.0 7.0 4.0 0 0 0 0 0 0 0.0 0.0 0.0 0.0 0 0 0 0
51632 0 105936.0 96207.0 75863.0 97079.0 0 0 0 0 17.0 9.0 9.0 10.0 7.0 9.0 0 0 0 0 0 0 0.0 0.0 0.0 0.0 0 0 0 0
51632 0 105769.0 95304.0 75890.0 97339.0 0 0 0 0 14.0 12.0 6.0 4.0 8.0 14.0 0 0 0 0 0 0 0.0 0.0 0.0 0.0 0 0 0 0
51632 0 105660.0 95247.0 75867.0 96785.0 0 0 0 0 11.0 13.0 9.0 6.0 11.0 4.0 0 0 0 0 0 0 0.0 0.0 0.0 0.0 0 0 0 0
51632 0 105636.0 95664.0 75350.0 97197.0 0 0 0 0 12.0 7.0 12.0 5.0 5.0 4.0 0 0 0 0 0 0 0.0 0.0 0.0 0.0 0 0 0 0
51632 0 105896.0 95016.0 75583.0 97403.0 0 0 0 0 10.0 12.0 6.0 11.0 4.0 10.0 0 0 0 0 0 0 0.0 0.0 0.0 0.0 0 0 0 0
51632 0 105187.0 95649.0 75588.0 97594.0 0 0 0 0 11.0 7.0 15.0 8.0 11.0 7.0 0 0 0 0 0 0 0.0 0.0 0.0 0.0 0 0 0 0
51632 0 105295.0 95409.0 75755.0 97474.0 0 0 0 0 7.0 8.0 11.0 8.0 12.0 4.0 0 0 0 0 0 0 0.0 0.0 0.0 0.0 0 0 0 0
51632 0 105547.0 95116.0 76283.0 97430.0 0 0 0 0 5.0 9.0 11.0 8.0 11.0 8.0 0 0 0 0 0 0 0.0 0.0 0.0 0.0 0 0 0 0
51632 0 106319.0 95375.0 76134.0 97369.0 0 0 0 0 9.0 11.0 17.0 12.0 9.0 11.0 0 0 0 0 0 0 0.0 0.0 0.0 0.0 0 0 0 0
51632 0 106672.0 95601.0 76000.0 97714.0 0 0 0 0 14.0 13.0 12.0 8.0 8.0 7.0 0 0 0 0 0 0 0.0 0.0 0.0 0.0 0 0 0 0
51632 0 105969.0 95514.0 75484.0 97830.0 0 0 0 0 11.0 9.0 9.0 12.0 5.0 8.0 0 0 0 0 0 0 0.0 0.0 0.0 0.0 0 0 0 0
51632 0 106273.0 94766.0 75771.0 97059.0 0 0 0 0 4.0 8.0 18.0 6.0 7.0 10.0 0 0 0 0 0 0 0.0 0.0 0.0 0.0 0 0 0 0
51632 0 105609.0 95295.0 74987.0 97855.0 0 0 0 0 11.0 11.0 11.0 7.0 9.0 6.0 0 0 0 0 0 0 0.0 0.0 0.0 0.0 0 0 0 0
51632 0 106060.0 95578.0 75821.0 97220.0 0 0 0 0 11.0 3.0 13.0 9.0 9.0 6.0 0 0 0 0 0 0 0.0 0.0 0.0 0.0 0 0 0 0
51632 0 105917.0 95187.0 75073.0 97343.0 0 0 0 0 9.0 6.0 6.0 3.0 13.0 11.0 0 0 0 0 0 0 0.0 0.0 0.0 0.0 0 0 0 0
51632 0 106082.0 95612.0 75719.0 97529.0 0 0 0 0 10.0 9.0 7.0 1.0 13.0 6.0 0 0 0 0 0 0 0.0 0.0 0.0 0.0 0 0 0 0
51632 0 105867.0 96037.0 75835.0 97587.0 0 0 0 0 7.0 13.0 7.0 11.0 6.0 8.0 0 0 0 0 0 0 0.0 0.0 0.0 0.0 0 0 0 0
51636 0 106384.0 96048.0 75567.0 97347.0 0 0 0 0 7.0 10.0 11.0 7.0 11.0 11.0 0 0 0 0 0 0 0.0 0.0 0.0 0.0 0 0 0 0
51636 0 106060.0 95416.0 76157.0 97634.0 0 0 0 0 9.0 11.0 13.0 8.0 12.0 10.0 0 0 0 0 0 0 0.0 0.0 0.0 0.0 0 0 0 0
51636 0 105136.0 95384.0 75978.0 97078.0 0 0 0 0 14.0 8.0 13.0 4.0 13.0 8.0 0 0 0 0 0 0 0.0 0.0 0.0 0.0 0 0 0 0
51636 0 105283.0 95506.0 75292.0 97521.0 0 0 0 0 14.0 8.0 12.0 8.0 12.0 8.0 0 0 0 0 0 0 0.0 0.0 0.0 0.0 0 0 0 0
51636 0 106331.0 95467.0 75622.0 96680.0 0 0 0 0 8.0 11.0 13.0 10.0 15.0 4.0 0 0 0 0 0 0 0.0 0.0 0.0 0.0 0 0 0 0
51636 0 105983.0 95218.0 75331.0 96682.0 0 0 0 0 15.0 10.0 8.0 9.0 10.0 6.0 0 0 0 0 0 0 0.0 0.0 0.0 0.0 0 0 0 0
51636 0 105352.0 95256.0 75269.0 97825.0 0 0 0 0 10.0 7.0 12.0 8.0 10.0 12.0 0 0 0 0 0 0 0.0 0.0 0.0 0.0 0 0 0 0
51636 0 105592.0 95587.0 75671.0 97878.0 0 0 0 0 10.0 10.0 13.0 10.0 6.0 11.0 0 0 0 0 0 0 0.0 0.0 0.0 0.0 0 0 0 0
51636 0 106103.0 94758.0 75019.0 97052.0 0 0 0 0 7.0 6.0 11.0 13.0 10.0 7.0 0 0 0 0 0 0 0.0 0.0 0.0 0.0 0 0 0 0
51636 0 105527.0 96084.0 75438.0 97364.0 0 0 0 0 10.0 8.0 10.0 6.0 13.0 12.0 0 0 0 0 0 0 0.0 0.0 0.0 0.0 0 0 0 0
51636 0 105543.0 95783.0 75244.0 97275.0 0 0 0 0 7.0 8.0 13.0 5.0 11.0 9.0 0 0 0 0 0 0 0.0 0.0 0.0 0.0 0 0 0 0
51636 0 105635.0 95932.0 75724.0 97742.0 0 0 0 0 12.0 8.0 14.0 7.0 6.0 7.0 0 0 0 0 0 0 0.0 0.0 0.0 0.0 0 0 0 0
51636 0 106297.0 95402.0 76631.0 97221.0 0 0 0 0 12.0 10.0 9.0 9.0 8.0 10.0 0 0 0 0 0 0 0.0 0.0 0.0 0.0 0 0 0 0
51636 0 105516.0 95132.0 76183.0 96940.0 0 0 0 0 8.0 6.0 10.0 11.0 17.0 8.0 0 0 0 0 0 0 0.0 0.0 0.0 0.0 0 0 0 0
51636 0 105088.0 95533.0 75697.0 96537.0 0 0 0 0 8.0 9.0 12.0 6.0 3.0 9.0 0 0 0 0 0 0 0.0 0.0 0.0 0.0 0 0 0 0
51636 0 105751.0 95576.0 75356.0 97129.0 0 0 0 0 12.0 6.0 9.0 11.0 8.0 13.0 0 0 0 0 0 0 0.0 0.0 0.0 0.0 0 0 0 0
51636 0 105483.0 96028.0 75865.0 97860.0 0 0 0 0 13.0 11.0 17.0 3.0 13.0 9.0 0 0 0 0 0 0 0.0 0.0 0.0 0.0 0 0 0 0
51636 0 105333.0 95233.0 75623.0 96454.0 0 0 0 0 13.0 8.0 10.0 7.0 5.0 10.0 0 0 0 0 0 0 0.0 0.0 0.0 0.0 0 0 0 0
51636 0 104381.0 95265.0 75324.0 97276.0 0 0 0 0 6.0 7.0 19.0 6.0 8.0 13.0 0 0 0 0 0 0 0.0 0.0 0.0 0.0 0 0 0 0
51636 0 105384.0 95336.0 75762.0 96857.0 0 0 0 0 13.0 5.0 9.0 8.0 13.0 8.0 0 0 0 0 0 0 0.0 0.0 0.0 0.0 0 0 0 0
51636 0 105288.0 95920.0 75369.0 97582.0 0 0 0 0 11.0 6.0 9.0 8.0 6.0 5.0 0 0 0 0 0 0 0.0 0.0 0.0 0.0 0 0 0 0
51636 0 105246.0 95317.0 75510.0 97147.0 0 0 0 0 7.0 13.0 14.0 4.0 7.0 9.0 0 0 0 0 0 0 0.0 0.0 0.0 0.0 0 0 0 0
51636 0 105076.0 95275.0 75261.0 97581.0 0 0 0 0 12.0 9.0 11.0 12.0 4.0 10.0 0 0 0 0 0 0 0.0 0.0 0.0 0.0 0 0 0 0
51636 0 106072.0 95226.0 76100.0 97589.0 0 0 0 0 15.0 11.0 7.0 8.0 6.0 3.0 0 0 0 0 0 0 0.0 0.0 0.0 0.0 0 0 0 0
51636 0 105323.0 96292.0 75683.0 97191.0 0 0 0 0 12.0 5.0 7.0 10.0 10.0 11.0 0 0 0 0 0 0 0.0 0.0 0.0 0.0 0 0 0 0
51636 0 106270.0 95532.0 75443.0 96906.0 0 0 0 0 13.0 8.0 8.0 10.0 8.0 8.0 0 0 0 0 0 0 0.0 0.0 0.0 0.0 0 0 0 0
51636 0 105308.0 95952.0 75634.0 97010.0 0 0 0 0 11.0 8.0 16.0 11.0 12.0 15.0 0 0 0 0 0 0 0.0 0.0 0.0 0.0 0 0 0 0
51636 0 105994.0 95501.0 75540.0 97775.0 0 0 0 0 10.0 10.0 10.0 8.0 8.0 8.0 0 0 0 0 0 0 0.0 0.0 0.0 0.0 0 0 0 0
51636 0 105268.0 95623.0 75406.0 97156.0 0 0 0 0 10.0 6.0 8.0 10.0 4.0 7.0 0 0 0 0 0 0 0.0 0.0 0.0 0.0 0 0 0 0
51636 0 106521.0 95630.0 75676.0 97318.0 0 0 0 0 13.0 17.0 10.0 6.0 5.0 9.0 0 0 0 0 0 0 0.0 0.0 0.0 0.0 0 0 0 0
51640 0 105460.0 95674.0 75159.0 97969.0 0 0 0 0 7.0 9.0 12.0 12.0 6.0 3.0 0 0 0 0 0 0 0.0 0.0 0.0 0.0 0 0 0 0
51640 0 105593.0 96054.0 75491.0 97689.0 0 0 0 0 12.0 11.0 15.0 3.0 10.0 5.0 0 0 0 0 0 0 0.0 0.0 0.0 0.0 0 0 0 0
51640 0 105707.0 95478.0 75948.0 97388.0 0 0 0 0 12.0 10.0 12.0 7.0 6.0 11.0 0 0 0 0 0 0 0.0 0.0 0.0 0.0 0 0 0 0
51640 0 105401.0 95822.0 75373.0 97837.0 0 0 0 0 8.0 9.0 13.0 10.0 13.0 9.0 0 0 0 0 0 0 0.0 0.0 0.0 0.0 0 0 0 0
51640 0 105817.0 96015.0 75870.0 97528.0 0 0 0 0 14.0 8.0 10.0 7.0 7.0 5.0 0 0 0 0 0 0 0.0 0.0 0.0 0.0 0 0 0 0
51640 0 105993.0 95582.0 76299.0 97448.0 0 0 0 0 7.0 10.0 12.0 5.0 16.0 6.0 0 0 0 0 0 0 0.0 0.0 0.0 0.0 0 0 0 0
51640 0 105211.0 95723.0 75422.0 97840.0 0 0 0 0 9.0 9.0 7.0 1.0 13.0 9.0 0 0 0 0 0 0 0.0 0.0 0.0 0.0 0 0 0 0
51640 0 105340.0 96131.0 75808.0 97678.0 0 0 0 0 11.0 7.0 13.0 5.0 5.0 9.0 0 0 0 0 0 0 0.0 0.0 0.0 0.0 0 0 0 0
51640 0 105149.0 95873.0 75506.0 98014.0 0 0 0 0 14.0 4.0 10.0 10.0 8.0 8.0 0 0 0 0 0 0 0.0 0.0 0.0 0.0 0 0 0 0
51640 0 106013.0 95855.0 75429.0 97785.0 0 0 0 0 14.0 6.0 9.0 9.0 4.0 4.0 0 0 0 0 0 0 0.0 0.0 0.0 0.0 0 0 0 0
51640 0 105533.0 95889.0 75061.0 97516.0 0 0 0 0 6.0 7.0 14.0 11.0 13.0 12.0 0 0 0 0 0 0 0.0 0.0 0.0 0.0 0 0 0 0
51640 0 105803.0 95648.0 74918.0 98183.0 0 0 0 0 8.0 5.0 20.0 3.0 14.0 8.0 0 0 0 0 0 0 0.0 0.0 0.0 0.0 0 0 0 0
51640 0 105591.0 95698.0 75986.0 97773.0 0 0 0 0 7.0 8.0 14.0 11.0 10.0 8.0 0 0 0 0 0 0 0.0 0.0 0.0 0.0 0 0 0 0
51640 0 105521.0 95689.0 75846.0 96994.0 0 0 0 0 4.0 10.0 10.0 8.0 6.0 8.0 0 0 0 0 0 0 0.0 0.0 0.0 0.0 0 0 0 0
51640 0 105278.0 95961.0 75537.0 97555.0 0 0 0 0 12.0 5.0 9.0 10.0 18.0 10.0 0 0 0 0 0 0 0.0 0.0 0.0 0.0 0 0 0 0
51640 0 105427.0 95960.0 76018.0 97706.0 0 0 0 0 5.0 6.0 13.0 7.0 17.0 9.0 0 0 0 0 0 0 0.0 0.0 0.0 0.0 0 0 0 0
51640 0 105122.0 95493.0 75755.0 97426.0 0 0 0 0 14.0 10.0 19.0 7.0 11.0 6.0 0 0 0 0 0 0 0.0 0.0 0.0 0.0 0 0 0 0
51640 0 105349.0 95366.0 75352.0 97410.0 0 0 0 0 7.0 5.0 13.0 10.0 10.0 4.0 0 0 0 0 0 0 0.0 0.0 0.0 0.0 0 0 0 0
51640 0 105567.0 95745.0 76160.0 97502.0 0 0 0 0 10.0 14.0 9.0 4.0 14.0 8.0 0 0 0 0 0 0 0.0 0.0 0.0 0.0 0 0 0 0
51640 0 105413.0 95613.0 76436.0 97531.0 0 0 0 0 14.0 4.0 5.0 8.0 10.0 7.0 0 0 0 0 0 0 0.0 0.0 0.0 0.0 0 0 0 0
51640 0 105825.0 95791.0 76312.0 97544.0 0 0 0 0 8.0 6.0 11.0 5.0 11.0 4.0 0 0 0 0 0 0 0.0 0.0 0.0 0.0 0 0 0 0
51640 0 105092.0 95678.0 75051.0 98406.0 0 0 0 0 13.0 10.0 10.0 5.0 8.0 10.0 0 0 0 0 0 0 0.0 0.0 0.0 0.0 0 0 0 0
51640 0 105866.0 95992.0 75924.0 98132.0 0 0 0 0 10.0 5.0 9.0 11.0 11.0 8.0 0 0 0 0 0 0 0.0 0.0 0.0 0.0 0 0 0 0
51640 0 105476.0 95073.0 75822.0 97410.0 0 0 0 0 14.0 9.0 12.0 9.0 11.0 14.0 0 0 0 0 0 0 0.0 0.0 0.0 0.0 0 0 0 0
51640 0 105275.0 95466.0 75656.0 97642.0 0 0 0 0 7.0 3.0 13.0 5.0 6.0 13.0 0 0 0 0 0 0 0.0 0.0 0.0 0.0 0 0 0 0
51640 0 104867.0 94903.0 75431.0 97704.0 0 0 0 0 11.0 12.0 21.0 10.0 8.0 13.0 0 0 0 0 0 0 0.0 0.0 0.0 0.0 0 0 0 0
51640 0 104680.0 95483.0 74584.0 97175.0 0 0 0 0 9.0 9.0 13.0 6.0 10.0 12.0 0 0 0 0 0 0 0.0 0.0 0.0 0.0 0 0 0 0
51640 0 104882.0 95587.0 75009.0 97691.0 0 0 0 0 9.0 10.0 9.0 5.0 8.0 10.0 0 0 0 0 0 0 0.0 0.0 0.0 0.0 0 0 0 0
51640 0 104234.0 95202.0 75528.0 96988.0 0 0 0 0 8.0 11.0 8.0 5.0 12.0 9.0 0 0 0 0 0 0 0.0 0.0 0.0 0.0 0 0 0 0
51640 0 104988.0 94980.0 75761.0 96973.0 0 0 0 0 8.0 9.0 12.0 10.0 8.0 6.0 0 0 0 0 0 0 0.0 0.0 0.0 0.0 0 0 0 0
51644 0 104697.0 95331.0 75013.0 97626.0 0 0 0 0 9.0 7.0 10.0 6.0 9.0 7.0 0 0 0 0 0 0 0.0 0.0 0.0 0.0 0 0 0 0
51644 0 105285.0 95586.0 74817.0 96825.0 0 0 0 0 12.0 6.0 11.0 6.0 9.0 6.0 0 0 0 0 0 0 0.0 0.0 0.0 0.0 0 0 0 0
51644 0 105358.0 95157.0 75140.0 97052.0 0 0 0 0 5.0 6.0 12.0 6.0 13.0 4.0 0 0 0 0 0 0 0.0 0.0 0.0 0.0 0 0 0 0
51644 0 105684.0 95327.0 75558.0 97415.0 0 0 0 0 12.0 11.0 14.0 9.0 11.0 4.0 0 0 0 0 0 0 0.0 0.0 0.0 0.0 0 0 0 0
51644 0 104800.0 95331.0 75178.0 97501.0 0 0 0 0 12.0 9.0 14.0 13.0 14.0 8.0 0 0 0 0 0 0 0.0 0.0 0.0 0.0 0 0 0 0
51644 0 104575.0 95526.0 75707.0 97897.0 0 0 0 0 11.0 8.0 14.0 7.0 6.0 13.0 0 0 0 0 0 0 0.0 0.0 0.0 0.0 0 0 0 0
51644 0 105044.0 95121.0 75537.0 96924.0 0 0 0 0 7.0 9.0 14.0 5.0 11.0 4.0 0 0 0 0 0 0 0.0 0.0 0.0 0.0 0 0 0 0
51644 0 105615.0 95444.0 75263.0 96961.0 0 0 0 0 10.0 12.0 8.0 10.0 10.0 7.0 0 0 0 0 0 0 0.0 0.0 0.0 0.0 0 0 0 0
51644 0 104273.0 94641.0 75070.0 97543.0 0 0 0 0 8.0 5.0 16.0 6.0 8.0 6.0 0 0 0 0 0 0 0.0 0.0 0.0 0.0 0 0 0 0
51644 0 104012.0 96078.0 75008.0 97231.0 0 0 0 0 14.0 11.0 9.0 11.0 8.0 5.0 0 0 0 0 0 0 0.0 0.0 0.0 0.0 0 0 0 0
51644 0 105175.0 95321.0 74476.0 97221.0 0 0 0 0 14.0 3.0 8.0 5.0 15.0 7.0 0 0 0 0 0 0 0.0 0.0 0.0 0.0 0 0 0 0
51644 0 104646.0 95215.0 74707.0 97250.0 0 0 0 0 9.0 6.0 8.0 6.0 16.0 8.0 0 0 0 0 0 0 0.0 0.0 0.0 0.0 0 0 0 0
51644 0 104729.0 94801.0 74574.0 97487.0 0 0 0 0 17.0 7.0 9.0 6.0 12.0 8.0 0 0 0 0 0 0 0.0 0.0 0.0 0.0 0 0 0 0
51644 0 105177.0 95108.0 74633.0 97072.0 0 0 0 0 4.0 10.0 10.0 9.0 7.0 11.0 0 0 0 0 0 0 0.0 0.0 0.0 0.0 0 0 0 0
51644 0 105039.0 94736.0 75548.0 97219.0 0 0 0 0 8.0 16.0 8.0 12.0 16.0 3.0 0 0 0 0 0 0 0.0 0.0 0.0 0.0 0 0 0 0
51644 0 104385.0 94638.0 74818.0 97031.0 0 0 0 0 16.0 6.0 15.0 5.0 15.0 11.0 0 0 0 0 0 0 0.0 0.0 0.0 0.0 0 0 0 0
51644 0 104724.0 95386.0 74817.0 97640.0 0 0 0 0 10.0 11.0 6.0 7.0 6.0 12.0 0 0 0 0 0 0 0.0 0.0 0.0 0.0 0 0 0 0
51644 0 105026.0 94723.0 75229.0 96535.0 0 0 0 0 6.0 5.0 11.0 8.0 7.0 9.0 0 0 0 0 0 0 0.0 0.0 0.0 0.0 0 0 0 0
51644 0 104763.0 94442.0 74359.0 97337.0 0 0 0 0 16.0 11.0 11.0 8.0 13.0 8.0 0 0 0 0 0 0 0.0 0.0 0.0 0.0 0 0 0 0
51644 0 104238.0 95221.0 74983.0 97555.0 0 0 0 0 16.0 7.0 12.0 8.0 9.0 4.0 0 0 0 0 0 0 0.0 0.0 0.0 0.0 0 0 0 0
51644 0 104784.0 95147.0 75458.0 97479.0 0 0 0 0 8.0 12.0 7.0 3.0 6.0 11.0 0 0 0 0 0 0 0.0 0.0 0.0 0.0 0 0 0 0
51644 0 105380.0 94618.0 74776.0 97264.0 0 0 0 0 9.0 6.0 11.0 9.0 19.0 7.0 0 0 0 0 0 0 0.0 0.0 0.0 0.0 0 0 0 0
51644 0 105246.0 94942.0 75878.0 97347.0 0 0 0 0 10.0 10.0 10.0 8.0 10.0 11.0 0 0 0 0 0 0 0.0 0.0 0.0 0.0 0 0 0 0
51644 0 104964.0 95277.0 75024.0 97602.0 0 0 0 0 8.0 12.0 18.0 7.0 10.0 5.0 0 0 0 0 0 0 0.0 0.0 0.0 0.0 0 0 0 0
51644 0 105183.0 95064.0 74567.0 97534.0 0 0 0 0 13.0 4.0 7.0 5.0 10.0 7.0 0 0 0 0 0 0 0.0 0.0 0.0 0.0 0 0 0 0
51644 0 104621.0 94908.0 74894.0 97113.0 0 0 0 0 14.0 9.0 8.0 7.0 8.0 5.0 0 0 0 0 0 0 0.0 0.0 0.0 0.0 0 0 0 0
51644 0 105578.0 95007.0 75204.0 98087.0 0 0 0 0 10.0 11.0 19.0 8.0 11.0 7.0 0 0 0 0 0 0 0.0 0.0 0.0 0.0 0 0 0 0
51644 0 105031.0 94582.0 75258.0 97208.0 0 0 0 0 7.0 7.0 9.0 11.0 8.0 9.0 0 0 0 0 0 0 0.0 0.0 0.0 0.0 0 0 0 0
51644 0 105118.0 95216.0 74693.0 97512.0 0 0 0 0 11.0 6.0 11.0 7.0 13.0 8.0 0 0 0 0 0 0 0.0 0.0 0.0 0.0 0 0 0 0
51644 0 104562.0 95232.0 75054.0 97191.0 0 0 0 0 16.0 12.0 11.0 9.0 7.0 8.0 0 0 0 0 0 0 0.0 0.0 0.0 0.0 0 0 0 0
51648 0 106438.0 96145.0 75391.0 96392.0 0 0 0 0 16.0 11.0 15.0 8.0 6.0 8.0 0 0 0 0 0 0 0.0 0.0 0.0 0.0 0 0 0 0
51648 0 105622.0 95108.0 75129.0 96364.0 0 0 0 0 11.0 3.0 11.0 8.0 11.0 15.0 0 0 0 0 0 0 0.0 0.0 0.0 0.0 0 0 0 0
51648 0 106257.0 95073.0 75169.0 96977.0 0 0 0 0 10.0 7.0 14.0 7.0 10.0 8.0 0 0 0 0 0 0 0.0 0.0 0.0 0.0 0 0 0 0
51648 0 106181.0 95602.0 75443.0 96368.0 0 0 0 0 16.0 10.0 13.0 5.0 15.0 13.0 0 0 0 0 0 0 0.0 0.0 0.0 0.0 0 0 0 0
51648 0 105113.0 95246.0 75526.0 96226.0 0 0 0 0 10.0 10.0 10.0 7.0 6.0 7.0 0 0 0 0 0 0 0.0 0.0 0.0 0.0 0 0 0 0
51648 0 105647.0 95273.0 76208.0 96323.0 0 0 0 0 12.0 11.0 14.0 7.0 7.0 5.0 0 0 0 0 0 0 0.0 0.0 0.0 0.0 0 0 0 0
51648 0 105407.0 94739.0 75722.0 96221.0 0 0 0 0 9.0 6.0 13.0 10.0 7.0 7.0 0 0 0 0 0 0 0.0 0.0 0.0 0.0 0 0 0 0
51648 0 105939.0 94985.0 75938.0 96351.0 0 0 0 0 10.0 10.0 10.0 11.0 14.0 8.0 0 0 0 0 0 0 0.0 0.0 0.0 0.0 0 0 0 0
51648 0 106987.0 95136.0 76254.0 96447.0 0 0 0 0 8.0 7.0 10.0 6.0 13.0 10.0 0 0 0 0 0 0 0.0 0.0 0.0 0.0 0 0 0 0
51648 0 106031.0 94884.0 75502.0 97259.0 0 0 0 0 5.0 5.0 11.0 2.0 9.0 10.0 0 0 0 0 0 0 0.0 0.0 0.0 0.0 0 0 0 0
51648 0 105608.0 94951.0 75006.0 96983.0 0 0 0 0 15.0 4.0 12.0 6.0 5.0 8.0 0 0 0 0 0 0 0.0 0.0 0.0 0.0 0 0 0 0
51648 0 106101.0 95365.0 75294.0 96553.0 0 0 0 0 15.0 8.0 12.0 6.0 11.0 5.0 0 0 0 0 0 0 0.0 0.0 0.0 0.0 0 0 0 0
51648 0 106034.0 94765.0 74883.0 96231.0 0 0 0 0 4.0 14.0 10.0 8.0 8.0 10.0 0 0 0 0 0 0 0.0 0.0 0.0 0.0 0 0 0 0
51648 0 105837.0 95552.0 75259.0 96349.0 0 0 0 0 6.0 12.0 17.0 5.0 11.0 5.0 0 0 0 0 0 0 0.0 0.0 0.0 0.0 0 0 0 0
51648 0 105767.0 95000.0 74723.0 95853.0 0 0 0 0 11.0 7.0 10.0 12.0 10.0 2.0 0 0 0 0 0 0 0.0 0.0 0.0 0.0 0 0 0 0
51648 0 105953.0 95397.0 75030.0 96190.0 0 0 0 0 8.0 11.0 13.0 9.0 12.0 9.0 0 0 0 0 0 0 0.0 0.0 0.0 0.0 0 0 0 0
51648 0 106032.0 94981.0 75345.0 96288.0 0 0 0 0 11.0 11.0 14.0 12.0 11.0 9.0 0 0 0 0 0 0 0.0 0.0 0.0 0.0 0 0 0 0
51648 0 105627.0 94665.0 74602.0 96252.0 0 0 0 0 7.0 6.0 11.0 8.0 4.0 4.0 0 0 0 0 0 0 0.0 0.0 0.0 0.0 0 0 0 0
51648 0 105871.0 94486.0 75444.0 97057.0 0 0 0 0 9.0 9.0 8.0 8.0 9.0 8.0 0 0 0 0 0 0 0.0 0.0 0.0 0.0 0 0 0 0
51648 0 105993.0 94677.0 75560.0 96390.0 0 0 0 0 7.0 13.0 8.0 1.0 11.0 9.0 0 0 0 0 0 0 0.0 0.0 0.0 0.0 0 0 0 0
51648 0 105324.0 95100.0 74849.0 96319.0 0 0 0 0 12.0 7.0 15.0 4.0 10.0 6.0 0 0 0 0 0 0 0.0 0.0 0.0 0.0 0 0 0 0
51648 0 105804.0 94980.0 75729.0 96302.0 0 0 0 0 9.0 5.0 9.0 5.0 9.0 8.0 0 0 0 0 0 0 0.0 0.0 0.0 0.0 0 0 0 0
51648 0 105340.0 94867.0 74686.0 96376.0 0 0 0 0 9.0 8.0 12.0 9.0 10.0 11.0 0 0 0 0 0 0 0.0 0.0 0.0 0.0 0 0 0 0
51648 0 105356.0 94691.0 75497.0 96869.0 0 0 0 0 8.0 14.0 10.0 8.0 11.0 9.0 0 0 0 0 0 0 0.0 0.0 0.0 0.0 0 0 0 0
51648 0 105574.0 94417.0 75273.0 96473.0 0 0 0 0 9.0 10.0 5.0 13.0 5.0 6.0 0 0 0 0 0 0 0.0 0.0 0.0 0.0 0 0 0 0
51648 0 105393.0 94694.0 75007.0 96068.0 0 0 0 0 9.0 9.0 14.0 11.0 8.0 2.0 0 0 0 0 0 0 0.0 0.0 0.0 0.0 0 0 0 0
51648 0 105472.0 94917.0 75175.0 96268.0 0 0 0 0 11.0 12.0 7.0 7.0 10.0 10.0 0 0 0 0 0 0 0.0 0.0 0.0 0.0 0 0 0 0
51648 0 105707.0 95090.0 74977.0 96957.0 0 0 0 0 9.0 8.0 11.0 7.0 7.0 10.0 0 0 0 0 0 0 0.0 0.0 0.0 0.0 0 0 0 0
51648 0 105606.0 95394.0 74272.0 96573.0 0 0 0 0 8.0 7.0 17.0 6.0 7.0 10.0 0 0 0 0 0 0 0.0 0.0 0.0 0.0 0 0 0 0
51648 0 105803.0 95487.0 74865.0 96508.0 0 0 0 0 13.0 12.0 11.0 5.0 13.0 6.0 0 0 0 0 0 0 0.0 0.0 0.0 0.0 0 0 0 0
