coincidence_window [ps] = 500
capture_duration [sec] = 1.0
dark_capture_duration = 0.0
no_of_rep = 100
--------------------------------------------------------------------------------
step ustep rate1 rate2 rate3 rate4 dark1 dark2 dark3 dark4 rate12 rate13 rate14 rate23 rate24 rate34 dark12 dark13 dark14 dark23 dark24 dark34 rate123 rate124 rate134 rate234 dark123 dark124 dark13451641 0 2077.0 406.0 1501.0 2132.0 0 0 0 0 0.0 0.0 1.0 0.0 0.0 0.0 0 0 0 0 0 0 0.0 0.0 0.0 0.0 0 0 0 0
51641 0 2046.0 380.0 1376.0 1864.0 0 0 0 0 0.0 0.0 0.0 0.0 0.0 0.0 0 0 0 0 0 0 0.0 0.0 0.0 0.0 0 0 0 0
51641 0 2162.0 451.0 1453.0 1865.0 0 0 0 0 0.0 0.0 0.0 0.0 0.0 1.0 0 0 0 0 0 0 0.0 0.0 0.0 0.0 0 0 0 0
51641 0 2047.0 414.0 1438.0 1997.0 0 0 0 0 0.0 0.0 0.0 0.0 0.0 0.0 0 0 0 0 0 0 0.0 0.0 0.0 0.0 0 0 0 0
51641 0 2219.0 364.0 1492.0 1889.0 0 0 0 0 0.0 0.0 1.0 0.0 0.0 0.0 0 0 0 0 0 0 0.0 0.0 0.0 0.0 0 0 0 0
51641 0 2011.0 398.0 1390.0 2077.0 0 0 0 0 0.0 0.0 0.0 0.0 0.0 0.0 0 0 0 0 0 0 0.0 0.0 0.0 0.0 0 0 0 0
51641 0 2178.0 384.0 1560.0 1841.0 0 0 0 0 0.0 0.0 0.0 0.0 0.0 0.0 0 0 0 0 0 0 0.0 0.0 0.0 0.0 0 0 0 0
51641 0 2195.0 382.0 1401.0 1748.0 0 0 0 0 0.0 0.0 0.0 0.0 0.0 0.0 0 0 0 0 0 0 0.0 0.0 0.0 0.0 0 0 0 0
51641 0 2101.0 352.0 1352.0 1752.0 0 0 0 0 0.0 0.0 0.0 0.0 0.0 0.0 0 0 0 0 0 0 0.0 0.0 0.0 0.0 0 0 0 0
51641 0 2186.0 400.0 1310.0 1644.0 0 0 0 0 0.0 1.0 0.0 0.0 0.0 1.0 0 0 0 0 0 0 0.0 0.0 0.0 0.0 0 0 0 0
51641 0 2290.0 383.0 1414.0 1842.0 0 0 0 0 0.0 0.0 0.0 0.0 0.0 0.0 0 0 0 0 0 0 0.0 0.0 0.0 0.0 0 0 0 0
51641 0 2345.0 379.0 1495.0 1580.0 0 0 0 0 0.0 0.0 0.0 0.0 0.0 0.0 0 0 0 0 0 0 0.0 0.0 0.0 0.0 0 0 0 0
51641 0 2248.0 351.0 1555.0 1817.0 0 0 0 0 0.0 0.0 0.0 0.0 0.0 0.0 0 0 0 0 0 0 0.0 0.0 0.0 0.0 0 0 0 0
51641 0 2137.0 374.0 1312.0 1720.0 0 0 0 0 0.0 0.0 0.0 0.0 0.0 0.0 0 0 0 0 0 0 0.0 0.0 0.0 0.0 0 0 0 0
51641 0 2184.0 385.0 1440.0 1651.0 0 0 0 0 0.0 1.0 1.0 0.0 0.0 0.0 0 0 0 0 0 0 0.0 0.0 0.0 0.0 0 0 0 0
51641 0 2093.0 421.0 1472.0 1755.0 0 0 0 0 0.0 0.0 0.0 0.0 0.0 0.0 0 0 0 0 0 0 0.0 0.0 0.0 0.0 0 0 0 0
51641 0 1990.0 442.0 1520.0 1922.0 0 0 0 0 0.0 0.0 0.0 0.0 0.0 0.0 0 0 0 0 0 0 0.0 0.0 0.0 0.0 0 0 0 0
51641 0 2012.0 346.0 1493.0 1961.0 0 0 0 0 0.0 0.0 0.0 0.0 0.0 0.0 0 0 0 0 0 0 0.0 0.0 0.0 0.0 0 0 0 0
51641 0 2041.0 404.0 1392.0 1911.0 0 0 0 0 0.0 0.0 0.0 0.0 0.0 0.0 0 0 0 0 0 0 0.0 0.0 0.0 0.0 0 0 0 0
51641 0 2017.0 379.0 1440.0 1859.0 0 0 0 0 0.0 0.0 0.0 0.0 0.0 0.0 0 0 0 0 0 0 0.0 0.0 0.0 0.0 0 0 0 0
51641 0 1982.0 402.0 1392.0 1971.0 0 0 0 0 0.0 0.0 1.0 0.0 0.0 0.0 0 0 0 0 0 0 0.0 0.0 0.0 0.0 0 0 0 0
51641 0 2050.0 428.0 1577.0 2066.0 0 0 0 0 0.0 0.0 0.0 0.0 0.0 0.0 0 0 0 0 0 0 0.0 0.0 0.0 0.0 0 0 0 0
51641 0 1971.0 381.0 1304.0 1812.0 0 0 0 0 0.0 0.0 0.0 0.0 0.0 0.0 0 0 0 0 0 0 0.0 0.0 0.0 0.0 0 0 0 0
51641 0 1994.0 338.0 1235.0 1881.0 0 0 0 0 0.0 0.0 0.0 0.0 0.0 0.0 0 0 0 0 0 0 0.0 0.0 0.0 0.0 0 0 0 0
51641 0 1996.0 390.0 1469.0 1785.0 0 0 0 0 0.0 0.0 1.0 0.0 0.0 0.0 0 0 0 0 0 0 0.0 0.0 0.0 0.0 0 0 0 0
51641 0 2020.0 365.0 1624.0 1746.0 0 0 0 0 0.0 0.0 0.0 0.0 0.0 0.0 0 0 0 0 0 0 0.0 0.0 0.0 0.0 0 0 0 0
51641 0 2179.0 410.0 1298.0 1854.0 0 0 0 0 0.0 0.0 0.0 0.0 0.0 0.0 0 0 0 0 0 0 0.0 0.0 0.0 0.0 0 0 0 0
51641 0 1947.0 328.0 1444.0 1799.0 0 0 0 0 0.0 0.0 0.0 0.0 0.0 0.0 0 0 0 0 0 0 0.0 0.0 0.0 0.0 0 0 0 0
51641 0 1978.0 376.0 1499.0 2015.0 0 0 0 0 0.0 0.0 0.0 0.0 0.0 0.0 0 0 0 0 0 0 0.0 0.0 0.0 0.0 0 0 0 0
51641 0 1958.0 344.0 1530.0 2004.0 0 0 0 0 0.0 0.0 2.0 0.0 0.0 0.0 0 0 0 0 0 0 0.0 0.0 0.0 0.0 0 0 0 0
51641 0 1871.0 382.0 1379.0 2063.0 0 0 0 0 0.0 0.0 0.0 0.0 0.0 0.0 0 0 0 0 0 0 0.0 0.0 0.0 0.0 0 0 0 0
51641 0 1720.0 335.0 1615.0 1986.0 0 0 0 0 0.0 0.0 0.0 0.0 0.0 0.0 0 0 0 0 0 0 0.0 0.0 0.0 0.0 0 0 0 0
51641 0 1706.0 338.0 1516.0 2125.0 0 0 0 0 0.0 0.0 0.0 0.0 0.0 0.0 0 0 0 0 0 0 0.0 0.0 0.0 0.0 0 0 0 0
51641 0 1720.0 346.0 1444.0 2171.0 0 0 0 0 0.0 0.0 0.0 0.0 0.0 0.0 0 0 0 0 0 0 0.0 0.0 0.0 0.0 0 0 0 0
51641 0 1772.0 452.0 1367.0 2154.0 0 0 0 0 0.0 0.0 0.0 0.0 0.0 0.0 0 0 0 0 0 0 0.0 0.0 0.0 0.0 0 0 0 0
51641 0 1808.0 408.0 1417.0 2190.0 0 0 0 0 0.0 0.0 0.0 0.0 0.0 0.0 0 0 0 0 0 0 0.0 0.0 0.0 0.0 0 0 0 0
51641 0 1776.0 414.0 1505.0 2238.0 0 0 0 0 0.0 0.0 0.0 0.0 0.0 1.0 0 0 0 0 0 0 0.0 0.0 0.0 0.0 0 0 0 0
51641 0 1732.0 419.0 1451.0 2057.0 0 0 0 0 0.0 0.0 0.0 0.0 0.0 1.0 0 0 0 0 0 0 0.0 0.0 0.0 0.0 0 0 0 0
51641 0 1790.0 414.0 1203.0 2042.0 0 0 0 0 0.0 0.0 0.0 0.0 0.0 0.0 0 0 0 0 0 0 0.0 0.0 0.0 0.0 0 0 0 0
51641 0 1798.0 363.0 1508.0 1987.0 0 0 0 0 0.0 0.0 0.0 0.0 0.0 0.0 0 0 0 0 0 0 0.0 0.0 0.0 0.0 0 0 0 0
51641 0 1951.0 414.0 1552.0 2057.0 0 0 0 0 0.0 0.0 0.0 0.0 0.0 0.0 0 0 0 0 0 0 0.0 0.0 0.0 0.0 0 0 0 0
51641 0 2043.0 298.0 1296.0 1783.0 0 0 0 0 0.0 0.0 0.0 0.0 0.0 0.0 0 0 0 0 0 0 0.0 0.0 0.0 0.0 0 0 0 0
51641 0 2122.0 346.0 1481.0 1929.0 0 0 0 0 0.0 0.0 0.0 0.0 0.0 0.0 0 0 0 0 0 0 0.0 0.0 0.0 0.0 0 0 0 0
51641 0 2107.0 397.0 1396.0 1775.0 0 0 0 0 0.0 0.0 0.0 0.0 0.0 0.0 0 0 0 0 0 0 0.0 0.0 0.0 0.0 0 0 0 0
51641 0 2149.0 378.0 1470.0 2017.0 0 0 0 0 0.0 0.0 0.0 0.0 0.0 0.0 0 0 0 0 0 0 0.0 0.0 0.0 0.0 0 0 0 0
51641 0 2131.0 382.0 1462.0 1888.0 0 0 0 0 0.0 0.0 0.0 0.0 0.0 0.0 0 0 0 0 0 0 0.0 0.0 0.0 0.0 0 0 0 0
51641 0 2132.0 420.0 1333.0 1843.0 0 0 0 0 0.0 0.0 0.0 0.0 0.0 0.0 0 0 0 0 0 0 0.0 0.0 0.0 0.0 0 0 0 0
51641 0 2008.0 375.0 1413.0 1814.0 0 0 0 0 0.0 0.0 0.0 0.0 0.0 0.0 0 0 0 0 0 0 0.0 0.0 0.0 0.0 0 0 0 0
51641 0 1830.0 399.0 1507.0 2094.0 0 0 0 0 0.0 0.0 0.0 0.0 0.0 0.0 0 0 0 0 0 0 0.0 0.0 0.0 0.0 0 0 0 0
51641 0 1748.0 353.0 1618.0 2245.0 0 0 0 0 0.0 0.0 0.0 0.0 0.0 0.0 0 0 0 0 0 0 0.0 0.0 0.0 0.0 0 0 0 0
51641 0 1737.0 441.0 1533.0 2460.0 0 0 0 0 0.0 0.0 0.0 0.0 0.0 0.0 0 0 0 0 0 0 0.0 0.0 0.0 0.0 0 0 0 0
51641 0 1730.0 382.0 1564.0 2090.0 0 0 0 0 0.0 0.0 0.0 0.0 0.0 0.0 0 0 0 0 0 0 0.0 0.0 0.0 0.0 0 0 0 0
51641 0 1801.0 411.0 1517.0 2110.0 0 0 0 0 0.0 0.0 0.0 0.0 0.0 0.0 0 0 0 0 0 0 0.0 0.0 0.0 0.0 0 0 0 0
51641 0 1858.0 417.0 1484.0 2150.0 0 0 0 0 0.0 0.0 0.0 0.0 0.0 0.0 0 0 0 0 0 0 0.0 0.0 0.0 0.0 0 0 0 0
51641 0 1740.0 401.0 1506.0 2114.0 0 0 0 0 0.0 0.0 0.0 0.0 0.0 0.0 0 0 0 0 0 0 0.0 0.0 0.0 0.0 0 0 0 0
51641 0 1826.0 374.0 1421.0 2151.0 0 0 0 0 0.0 0.0 0.0 0.0 0.0 0.0 0 0 0 0 0 0 0.0 0.0 0.0 0.0 0 0 0 0
51641 0 1772.0 395.0 1380.0 2029.0 0 0 0 0 0.0 0.0 0.0 0.0 0.0 0.0 0 0 0 0 0 0 0.0 0.0 0.0 0.0 0 0 0 0
51641 0 1737.0 361.0 1490.0 2180.0 0 0 0 0 0.0 0.0 0.0 0.0 0.0 0.0 0 0 0 0 0 0 0.0 0.0 0.0 0.0 0 0 0 0
51641 0 1733.0 377.0 1420.0 2161.0 0 0 0 0 0.0 0.0 0.0 0.0 0.0 0.0 0 0 0 0 0 0 0.0 0.0 0.0 0.0 0 0 0 0
51641 0 1787.0 418.0 1505.0 2116.0 0 0 0 0 0.0 0.0 0.0 0.0 0.0 0.0 0 0 0 0 0 0 0.0 0.0 0.0 0.0 0 0 0 0
51641 0 1782.0 397.0 1593.0 2151.0 0 0 0 0 0.0 0.0 0.0 0.0 0.0 0.0 0 0 0 0 0 0 0.0 0.0 0.0 0.0 0 0 0 0
51641 0 1788.0 415.0 1475.0 2168.0 0 0 0 0 0.0 0.0 0.0 0.0 0.0 0.0 0 0 0 0 0 0 0.0 0.0 0.0 0.0 0 0 0 0
51641 0 1704.0 412.0 1574.0 2173.0 0 0 0 0 0.0 0.0 0.0 0.0 0.0 0.0 0 0 0 0 0 0 0.0 0.0 0.0 0.0 0 0 0 0
51641 0 1897.0 390.0 1376.0 2101.0 0 0 0 0 0.0 0.0 0.0 0.0 0.0 0.0 0 0 0 0 0 0 0.0 0.0 0.0 0.0 0 0 0 0
51641 0 1926.0 341.0 1426.0 2116.0 0 0 0 0 0.0 0.0 0.0 0.0 0.0 0.0 0 0 0 0 0 0 0.0 0.0 0.0 0.0 0 0 0 0
51641 0 1948.0 425.0 1487.0 1905.0 0 0 0 0 0.0 0.0 0.0 0.0 0.0 0.0 0 0 0 0 0 0 0.0 0.0 0.0 0.0 0 0 0 0
51641 0 1971.0 441.0 1560.0 1922.0 0 0 0 0 0.0 0.0 0.0 0.0 0.0 1.0 0 0 0 0 0 0 0.0 0.0 0.0 0.0 0 0 0 0
51641 0 1970.0 365.0 1741.0 1857.0 0 0 0 0 0.0 0.0 0.0 0.0 0.0 0.0 0 0 0 0 0 0 0.0 0.0 0.0 0.0 0 0 0 0
51641 0 2005.0 388.0 1274.0 1820.0 0 0 0 0 0.0 0.0 1.0 0.0 0.0 0.0 0 0 0 0 0 0 0.0 0.0 0.0 0.0 0 0 0 0
51641 0 1934.0 356.0 1523.0 1856.0 0 0 0 0 0.0 1.0 0.0 0.0 0.0 0.0 0 0 0 0 0 0 0.0 0.0 0.0 0.0 0 0 0 0
51641 0 1923.0 402.0 1605.0 1795.0 0 0 0 0 0.0 0.0 0.0 0.0 0.0 0.0 0 0 0 0 0 0 0.0 0.0 0.0 0.0 0 0 0 0
51641 0 1886.0 367.0 1363.0 2083.0 0 0 0 0 0.0 0.0 0.0 0.0 0.0 0.0 0 0 0 0 0 0 0.0 0.0 0.0 0.0 0 0 0 0
51641 0 1816.0 409.0 2058.0 2200.0 0 0 0 0 0.0 0.0 14.0 2.0 0.0 20.0 0 0 0 0 0 0 0.0 0.0 0.0 0.0 0 0 0 0
51641 0 1823.0 364.0 1425.0 2319.0 0 0 0 0 0.0 0.0 0.0 0.0 0.0 0.0 0 0 0 0 0 0 0.0 0.0 0.0 0.0 0 0 0 0
51641 0 1788.0 386.0 1491.0 2201.0 0 0 0 0 0.0 0.0 0.0 0.0 0.0 0.0 0 0 0 0 0 0 0.0 0.0 0.0 0.0 0 0 0 0
51641 0 1783.0 366.0 1463.0 2129.0 0 0 0 0 0.0 0.0 1.0 0.0 0.0 0.0 0 0 0 0 0 0 0.0 0.0 0.0 0.0 0 0 0 0
51641 0 1833.0 391.0 1586.0 2085.0 0 0 0 0 0.0 0.0 1.0 0.0 0.0 0.0 0 0 0 0 0 0 0.0 0.0 0.0 0.0 0 0 0 0
51641 0 1814.0 396.0 1239.0 2137.0 0 0 0 0 0.0 0.0 0.0 0.0 0.0 0.0 0 0 0 0 0 0 0.0 0.0 0.0 0.0 0 0 0 0
51641 0 1774.0 374.0 1326.0 2043.0 0 0 0 0 0.0 0.0 0.0 0.0 0.0 0.0 0 0 0 0 0 0 0.0 0.0 0.0 0.0 0 0 0 0
51641 0 1790.0 404.0 1365.0 1956.0 0 0 0 0 0.0 0.0 0.0 0.0 0.0 0.0 0 0 0 0 0 0 0.0 0.0 0.0 0.0 0 0 0 0
51641 0 1817.0 384.0 1316.0 2024.0 0 0 0 0 0.0 0.0 0.0 0.0 0.0 0.0 0 0 0 0 0 0 0.0 0.0 0.0 0.0 0 0 0 0
51641 0 1798.0 432.0 1338.0 2131.0 0 0 0 0 0.0 0.0 0.0 0.0 0.0 0.0 0 0 0 0 0 0 0.0 0.0 0.0 0.0 0 0 0 0
51641 0 1764.0 391.0 1296.0 2287.0 0 0 0 0 0.0 0.0 0.0 0.0 0.0 0.0 0 0 0 0 0 0 0.0 0.0 0.0 0.0 0 0 0 0
51641 0 1732.0 404.0 1395.0 2056.0 0 0 0 0 0.0 0.0 0.0 0.0 0.0 0.0 0 0 0 0 0 0 0.0 0.0 0.0 0.0 0 0 0 0
51641 0 1753.0 414.0 1519.0 2200.0 0 0 0 0 0.0 0.0 0.0 0.0 0.0 0.0 0 0 0 0 0 0 0.0 0.0 0.0 0.0 0 0 0 0
51641 0 1653.0 383.0 1502.0 2242.0 0 0 0 0 0.0 0.0 0.0 0.0 0.0 0.0 0 0 0 0 0 0 0.0 0.0 0.0 0.0 0 0 0 0
51641 0 1626.0 358.0 1664.0 2328.0 0 0 0 0 0.0 0.0 0.0 0.0 0.0 0.0 0 0 0 0 0 0 0.0 0.0 0.0 0.0 0 0 0 0
51641 0 1693.0 377.0 1488.0 2228.0 0 0 0 0 0.0 0.0 0.0 0.0 0.0 1.0 0 0 0 0 0 0 0.0 0.0 0.0 0.0 0 0 0 0
51641 0 1724.0 358.0 1458.0 2203.0 0 0 0 0 0.0 0.0 0.0 0.0 0.0 0.0 0 0 0 0 0 0 0.0 0.0 0.0 0.0 0 0 0 0
51641 0 1595.0 378.0 1579.0 2188.0 0 0 0 0 0.0 1.0 0.0 0.0 0.0 0.0 0 0 0 0 0 0 0.0 0.0 0.0 0.0 0 0 0 0
51641 0 1701.0 372.0 1463.0 2456.0 0 0 0 0 0.0 0.0 0.0 0.0 0.0 0.0 0 0 0 0 0 0 0.0 0.0 0.0 0.0 0 0 0 0
51641 0 1622.0 396.0 1452.0 2211.0 0 0 0 0 0.0 0.0 0.0 0.0 0.0 1.0 0 0 0 0 0 0 0.0 0.0 0.0 0.0 0 0 0 0
51641 0 1702.0 374.0 1337.0 2456.0 0 0 0 0 0.0 0.0 0.0 0.0 0.0 0.0 0 0 0 0 0 0 0.0 0.0 0.0 0.0 0 0 0 0
51641 0 1584.0 403.0 1561.0 2266.0 0 0 0 0 0.0 0.0 0.0 0.0 0.0 0.0 0 0 0 0 0 0 0.0 0.0 0.0 0.0 0 0 0 0
51641 0 1698.0 411.0 1399.0 2099.0 0 0 0 0 0.0 1.0 0.0 0.0 0.0 0.0 0 0 0 0 0 0 0.0 0.0 0.0 0.0 0 0 0 0
51641 0 1746.0 347.0 1454.0 2156.0 0 0 0 0 0.0 0.0 0.0 0.0 0.0 0.0 0 0 0 0 0 0 0.0 0.0 0.0 0.0 0 0 0 0
51641 0 1755.0 365.0 1561.0 2133.0 0 0 0 0 0.0 0.0 1.0 0.0 0.0 0.0 0 0 0 0 0 0 0.0 0.0 0.0 0.0 0 0 0 0
51641 0 1733.0 338.0 1358.0 2131.0 0 0 0 0 0.0 0.0 0.0 0.0 0.0 0.0 0 0 0 0 0 0 0.0 0.0 0.0 0.0 0 0 0 0
51641 0 1802.0 376.0 1395.0 2095.0 0 0 0 0 0.0 0.0 0.0 0.0 0.0 1.0 0 0 0 0 0 0 0.0 0.0 0.0 0.0 0 0 0 0
51641 0 1888.0 383.0 1279.0 2017.0 0 0 0 0 0.0 0.0 0.0 0.0 0.0 0.0 0 0 0 0 0 0 0.0 0.0 0.0 0.0 0 0 0 0
51643 0 2218.0 428.0 1484.0 1626.0 0 0 0 0 0.0 0.0 0.0 0.0 0.0 0.0 0 0 0 0 0 0 0.0 0.0 0.0 0.0 0 0 0 0
51643 0 2255.0 365.0 1399.0 1715.0 0 0 0 0 0.0 0.0 0.0 0.0 0.0 0.0 0 0 0 0 0 0 0.0 0.0 0.0 0.0 0 0 0 0
51643 0 2209.0 363.0 1362.0 1523.0 0 0 0 0 0.0 0.0 0.0 0.0 0.0 0.0 0 0 0 0 0 0 0.0 0.0 0.0 0.0 0 0 0 0
51643 0 2255.0 384.0 1470.0 1836.0 0 0 0 0 0.0 0.0 0.0 0.0 0.0 0.0 0 0 0 0 0 0 0.0 0.0 0.0 0.0 0 0 0 0
51643 0 2205.0 366.0 1406.0 1727.0 0 0 0 0 0.0 0.0 0.0 0.0 0.0 0.0 0 0 0 0 0 0 0.0 0.0 0.0 0.0 0 0 0 0
51643 0 2129.0 449.0 1428.0 1645.0 0 0 0 0 0.0 0.0 0.0 0.0 0.0 0.0 0 0 0 0 0 0 0.0 0.0 0.0 0.0 0 0 0 0
51643 0 2096.0 358.0 1445.0 1781.0 0 0 0 0 0.0 0.0 0.0 0.0 0.0 0.0 0 0 0 0 0 0 0.0 0.0 0.0 0.0 0 0 0 0
51643 0 2141.0 379.0 1430.0 1887.0 0 0 0 0 0.0 0.0 1.0 0.0 0.0 0.0 0 0 0 0 0 0 0.0 0.0 0.0 0.0 0 0 0 0
51643 0 2244.0 383.0 1256.0 1795.0 0 0 0 0 0.0 0.0 0.0 0.0 0.0 0.0 0 0 0 0 0 0 0.0 0.0 0.0 0.0 0 0 0 0
51643 0 2099.0 379.0 1209.0 1654.0 0 0 0 0 0.0 0.0 0.0 0.0 0.0 0.0 0 0 0 0 0 0 0.0 0.0 0.0 0.0 0 0 0 0
51643 0 2275.0 411.0 1536.0 1651.0 0 0 0 0 0.0 0.0 0.0 0.0 0.0 0.0 0 0 0 0 0 0 0.0 0.0 0.0 0.0 0 0 0 0
51643 0 2242.0 365.0 1426.0 1742.0 0 0 0 0 0.0 0.0 0.0 0.0 0.0 0.0 0 0 0 0 0 0 0.0 0.0 0.0 0.0 0 0 0 0
51643 0 2159.0 383.0 1363.0 1870.0 0 0 0 0 0.0 0.0 0.0 0.0 0.0 0.0 0 0 0 0 0 0 0.0 0.0 0.0 0.0 0 0 0 0
51643 0 2084.0 450.0 1243.0 1831.0 0 0 0 0 0.0 0.0 0.0 0.0 0.0 0.0 0 0 0 0 0 0 0.0 0.0 0.0 0.0 0 0 0 0
51643 0 1986.0 422.0 1443.0 1815.0 0 0 0 0 0.0 0.0 0.0 0.0 0.0 1.0 0 0 0 0 0 0 0.0 0.0 0.0 0.0 0 0 0 0
51643 0 1868.0 402.0 1272.0 1817.0 0 0 0 0 0.0 0.0 0.0 0.0 0.0 0.0 0 0 0 0 0 0 0.0 0.0 0.0 0.0 0 0 0 0
51643 0 1848.0 372.0 1536.0 2103.0 0 0 0 0 0.0 0.0 0.0 0.0 0.0 0.0 0 0 0 0 0 0 0.0 0.0 0.0 0.0 0 0 0 0
51643 0 1789.0 424.0 1469.0 1869.0 0 0 0 0 0.0 0.0 0.0 0.0 0.0 0.0 0 0 0 0 0 0 0.0 0.0 0.0 0.0 0 0 0 0
51643 0 1837.0 400.0 1427.0 2307.0 0 0 0 0 0.0 0.0 0.0 0.0 0.0 0.0 0 0 0 0 0 0 0.0 0.0 0.0 0.0 0 0 0 0
51643 0 1796.0 322.0 1503.0 2122.0 0 0 0 0 0.0 0.0 0.0 0.0 0.0 0.0 0 0 0 0 0 0 0.0 0.0 0.0 0.0 0 0 0 0
51643 0 1919.0 430.0 1359.0 2108.0 0 0 0 0 0.0 0.0 0.0 0.0 0.0 0.0 0 0 0 0 0 0 0.0 0.0 0.0 0.0 0 0 0 0
51643 0 1802.0 387.0 1353.0 2054.0 0 0 0 0 0.0 0.0 0.0 0.0 0.0 0.0 0 0 0 0 0 0 0.0 0.0 0.0 0.0 0 0 0 0
51643 0 1793.0 392.0 1421.0 2108.0 0 0 0 0 0.0 0.0 0.0 0.0 0.0 1.0 0 0 0 0 0 0 0.0 0.0 0.0 0.0 0 0 0 0
51643 0 1723.0 401.0 1490.0 2235.0 0 0 0 0 0.0 0.0 0.0 0.0 0.0 0.0 0 0 0 0 0 0 0.0 0.0 0.0 0.0 0 0 0 0
51643 0 1796.0 379.0 1256.0 2093.0 0 0 0 0 0.0 0.0 0.0 0.0 0.0 0.0 0 0 0 0 0 0 0.0 0.0 0.0 0.0 0 0 0 0
51643 0 1824.0 353.0 1510.0 2062.0 0 0 0 0 0.0 0.0 0.0 0.0 0.0 1.0 0 0 0 0 0 0 0.0 0.0 0.0 0.0 0 0 0 0
51643 0 1885.0 375.0 1294.0 2187.0 0 0 0 0 0.0 0.0 0.0 0.0 0.0 0.0 0 0 0 0 0 0 0.0 0.0 0.0 0.0 0 0 0 0
51643 0 1772.0 365.0 1528.0 2158.0 0 0 0 0 0.0 0.0 0.0 0.0 0.0 1.0 0 0 0 0 0 0 0.0 0.0 0.0 0.0 0 0 0 0
51643 0 1860.0 405.0 1265.0 2097.0 0 0 0 0 0.0 0.0 0.0 0.0 0.0 0.0 0 0 0 0 0 0 0.0 0.0 0.0 0.0 0 0 0 0
51643 0 1836.0 392.0 1356.0 2142.0 0 0 0 0 0.0 0.0 0.0 0.0 0.0 0.0 0 0 0 0 0 0 0.0 0.0 0.0 0.0 0 0 0 0
51643 0 1788.0 340.0 1377.0 2317.0 0 0 0 0 0.0 0.0 0.0 0.0 0.0 0.0 0 0 0 0 0 0 0.0 0.0 0.0 0.0 0 0 0 0
51643 0 1675.0 391.0 1399.0 2119.0 0 0 0 0 0.0 0.0 0.0 0.0 0.0 0.0 0 0 0 0 0 0 0.0 0.0 0.0 0.0 0 0 0 0
51643 0 1779.0 423.0 1244.0 2217.0 0 0 0 0 0.0 0.0 0.0 0.0 0.0 1.0 0 0 0 0 0 0 0.0 0.0 0.0 0.0 0 0 0 0
51643 0 1881.0 337.0 1381.0 2215.0 0 0 0 0 0.0 0.0 0.0 0.0 0.0 0.0 0 0 0 0 0 0 0.0 0.0 0.0 0.0 0 0 0 0
51643 0 1853.0 393.0 1488.0 2105.0 0 0 0 0 0.0 0.0 0.0 0.0 0.0 0.0 0 0 0 0 0 0 0.0 0.0 0.0 0.0 0 0 0 0
51643 0 1794.0 395.0 1422.0 2194.0 0 0 0 0 0.0 0.0 1.0 0.0 0.0 0.0 0 0 0 0 0 0 0.0 0.0 0.0 0.0 0 0 0 0
51643 0 1785.0 414.0 1525.0 2229.0 0 0 0 0 0.0 1.0 1.0 0.0 0.0 1.0 0 0 0 0 0 0 0.0 0.0 0.0 0.0 0 0 0 0
51643 0 1794.0 341.0 1239.0 2113.0 0 0 0 0 0.0 0.0 0.0 0.0 0.0 0.0 0 0 0 0 0 0 0.0 0.0 0.0 0.0 0 0 0 0
51643 0 1833.0 402.0 1409.0 2081.0 0 0 0 0 0.0 0.0 0.0 0.0 0.0 0.0 0 0 0 0 0 0 0.0 0.0 0.0 0.0 0 0 0 0
51643 0 1825.0 365.0 1368.0 2087.0 0 0 0 0 0.0 0.0 0.0 0.0 0.0 0.0 0 0 0 0 0 0 0.0 0.0 0.0 0.0 0 0 0 0
51643 0 1772.0 350.0 1665.0 2312.0 0 0 0 0 0.0 0.0 0.0 0.0 0.0 0.0 0 0 0 0 0 0 0.0 0.0 0.0 0.0 0 0 0 0
51643 0 1819.0 325.0 1597.0 2153.0 0 0 0 0 0.0 0.0 0.0 0.0 0.0 0.0 0 0 0 0 0 0 0.0 0.0 0.0 0.0 0 0 0 0
51643 0 1801.0 329.0 1478.0 1952.0 0 0 0 0 0.0 0.0 0.0 0.0 0.0 0.0 0 0 0 0 0 0 0.0 0.0 0.0 0.0 0 0 0 0
51643 0 1825.0 371.0 1318.0 2211.0 0 0 0 0 0.0 0.0 0.0 0.0 0.0 0.0 0 0 0 0 0 0 0.0 0.0 0.0 0.0 0 0 0 0
51643 0 1911.0 356.0 1478.0 2166.0 0 0 0 0 0.0 0.0 0.0 0.0 0.0 0.0 0 0 0 0 0 0 0.0 0.0 0.0 0.0 0 0 0 0
51643 0 1994.0 362.0 1490.0 2089.0 0 0 0 0 0.0 0.0 0.0 0.0 0.0 0.0 0 0 0 0 0 0 0.0 0.0 0.0 0.0 0 0 0 0
51643 0 2047.0 364.0 1355.0 1875.0 0 0 0 0 0.0 0.0 0.0 0.0 0.0 0.0 0 0 0 0 0 0 0.0 0.0 0.0 0.0 0 0 0 0
51643 0 1964.0 464.0 1502.0 1659.0 0 0 0 0 0.0 0.0 0.0 0.0 0.0 0.0 0 0 0 0 0 0 0.0 0.0 0.0 0.0 0 0 0 0
51643 0 1987.0 393.0 1652.0 1910.0 0 0 0 0 0.0 0.0 0.0 0.0 0.0 0.0 0 0 0 0 0 0 0.0 0.0 0.0 0.0 0 0 0 0
51643 0 1990.0 350.0 1372.0 2067.0 0 0 0 0 0.0 0.0 0.0 0.0 0.0 0.0 0 0 0 0 0 0 0.0 0.0 0.0 0.0 0 0 0 0
51643 0 2168.0 402.0 1239.0 1812.0 0 0 0 0 0.0 0.0 0.0 0.0 0.0 0.0 0 0 0 0 0 0 0.0 0.0 0.0 0.0 0 0 0 0
51643 0 1954.0 367.0 1596.0 1914.0 0 0 0 0 0.0 0.0 0.0 0.0 0.0 1.0 0 0 0 0 0 0 0.0 0.0 0.0 0.0 0 0 0 0
51643 0 1947.0 345.0 1448.0 2071.0 0 0 0 0 0.0 0.0 0.0 0.0 0.0 0.0 0 0 0 0 0 0 0.0 0.0 0.0 0.0 0 0 0 0
51643 0 1988.0 356.0 1246.0 1656.0 0 0 0 0 0.0 0.0 0.0 0.0 0.0 0.0 0 0 0 0 0 0 0.0 0.0 0.0 0.0 0 0 0 0
51643 0 2141.0 377.0 1413.0 1779.0 0 0 0 0 0.0 0.0 1.0 0.0 0.0 0.0 0 0 0 0 0 0 0.0 0.0 0.0 0.0 0 0 0 0
51643 0 2071.0 448.0 1449.0 1808.0 0 0 0 0 0.0 0.0 0.0 0.0 0.0 1.0 0 0 0 0 0 0 0.0 0.0 0.0 0.0 0 0 0 0
51643 0 2126.0 397.0 1458.0 1873.0 0 0 0 0 0.0 0.0 0.0 0.0 0.0 0.0 0 0 0 0 0 0 0.0 0.0 0.0 0.0 0 0 0 0
51643 0 2221.0 414.0 1327.0 2007.0 0 0 0 0 0.0 1.0 0.0 0.0 0.0 0.0 0 0 0 0 0 0 0.0 0.0 0.0 0.0 0 0 0 0
51643 0 2140.0 403.0 1510.0 1642.0 0 0 0 0 0.0 0.0 0.0 0.0 0.0 0.0 0 0 0 0 0 0 0.0 0.0 0.0 0.0 0 0 0 0
51643 0 2142.0 403.0 1476.0 1806.0 0 0 0 0 0.0 0.0 0.0 0.0 0.0 0.0 0 0 0 0 0 0 0.0 0.0 0.0 0.0 0 0 0 0
51643 0 2029.0 446.0 1416.0 1866.0 0 0 0 0 0.0 0.0 0.0 0.0 0.0 0.0 0 0 0 0 0 0 0.0 0.0 0.0 0.0 0 0 0 0
51643 0 2084.0 338.0 1363.0 1767.0 0 0 0 0 0.0 0.0 0.0 0.0 0.0 0.0 0 0 0 0 0 0 0.0 0.0 0.0 0.0 0 0 0 0
51643 0 2142.0 346.0 1544.0 1959.0 0 0 0 0 0.0 0.0 0.0 0.0 0.0 0.0 0 0 0 0 0 0 0.0 0.0 0.0 0.0 0 0 0 0
51643 0 2103.0 425.0 1372.0 1729.0 0 0 0 0 0.0 1.0 0.0 0.0 0.0 0.0 0 0 0 0 0 0 0.0 0.0 0.0 0.0 0 0 0 0
51643 0 2148.0 420.0 1470.0 1798.0 0 0 0 0 0.0 0.0 0.0 0.0 0.0 0.0 0 0 0 0 0 0 0.0 0.0 0.0 0.0 0 0 0 0
51643 0 2098.0 389.0 1545.0 1753.0 0 0 0 0 0.0 0.0 0.0 0.0 0.0 0.0 0 0 0 0 0 0 0.0 0.0 0.0 0.0 0 0 0 0
51643 0 2126.0 372.0 1370.0 1807.0 0 0 0 0 0.0 0.0 0.0 0.0 0.0 0.0 0 0 0 0 0 0 0.0 0.0 0.0 0.0 0 0 0 0
51643 0 2265.0 368.0 1507.0 1814.0 0 0 0 0 0.0 0.0 0.0 0.0 0.0 0.0 0 0 0 0 0 0 0.0 0.0 0.0 0.0 0 0 0 0
51643 0 2001.0 348.0 1462.0 1960.0 0 0 0 0 0.0 0.0 0.0 0.0 0.0 0.0 0 0 0 0 0 0 0.0 0.0 0.0 0.0 0 0 0 0
51643 0 2009.0 388.0 1578.0 1911.0 0 0 0 0 0.0 0.0 0.0 0.0 0.0 0.0 0 0 0 0 0 0 0.0 0.0 0.0 0.0 0 0 0 0
51643 0 2057.0 360.0 1314.0 1834.0 0 0 0 0 0.0 0.0 0.0 0.0 0.0 0.0 0 0 0 0 0 0 0.0 0.0 0.0 0.0 0 0 0 0
51643 0 2085.0 448.0 1549.0 2012.0 0 0 0 0 0.0 0.0 0.0 0.0 0.0 0.0 0 0 0 0 0 0 0.0 0.0 0.0 0.0 0 0 0 0
51643 0 2043.0 404.0 1297.0 1743.0 0 0 0 0 0.0 0.0 0.0 0.0 0.0 0.0 0 0 0 0 0 0 0.0 0.0 0.0 0.0 0 0 0 0
51643 0 2196.0 409.0 1470.0 1860.0 0 0 0 0 0.0 0.0 0.0 0.0 0.0 0.0 0 0 0 0 0 0 0.0 0.0 0.0 0.0 0 0 0 0
51643 0 2149.0 382.0 1403.0 1760.0 0 0 0 0 0.0 1.0 0.0 0.0 0.0 0.0 0 0 0 0 0 0 0.0 0.0 0.0 0.0 0 0 0 0
51643 0 2214.0 439.0 1488.0 1650.0 0 0 0 0 0.0 0.0 0.0 0.0 0.0 0.0 0 0 0 0 0 0 0.0 0.0 0.0 0.0 0 0 0 0
51643 0 2256.0 354.0 1318.0 1756.0 0 0 0 0 0.0 1.0 0.0 0.0 0.0 0.0 0 0 0 0 0 0 0.0 0.0 0.0 0.0 0 0 0 0
51643 0 2224.0 356.0 1341.0 1709.0 0 0 0 0 0.0 1.0 0.0 0.0 0.0 0.0 0 0 0 0 0 0 0.0 0.0 0.0 0.0 0 0 0 0
51643 0 2387.0 405.0 1431.0 1529.0 0 0 0 0 0.0 0.0 0.0 0.0 0.0 0.0 0 0 0 0 0 0 0.0 0.0 0.0 0.0 0 0 0 0
51643 0 2246.0 402.0 1471.0 1476.0 0 0 0 0 0.0 0.0 0.0 0.0 0.0 0.0 0 0 0 0 0 0 0.0 0.0 0.0 0.0 0 0 0 0
51643 0 2285.0 368.0 1422.0 1456.0 0 0 0 0 0.0 0.0 0.0 0.0 0.0 0.0 0 0 0 0 0 0 0.0 0.0 0.0 0.0 0 0 0 0
51643 0 2269.0 319.0 1273.0 1597.0 0 0 0 0 0.0 0.0 0.0 0.0 0.0 0.0 0 0 0 0 0 0 0.0 0.0 0.0 0.0 0 0 0 0
51643 0 2306.0 376.0 1550.0 1440.0 0 0 0 0 0.0 1.0 0.0 0.0 0.0 1.0 0 0 0 0 0 0 0.0 0.0 0.0 0.0 0 0 0 0
51643 0 2252.0 399.0 1603.0 1766.0 0 0 0 0 0.0 0.0 0.0 0.0 0.0 0.0 0 0 0 0 0 0 0.0 0.0 0.0 0.0 0 0 0 0
51643 0 2365.0 416.0 1417.0 1732.0 0 0 0 0 0.0 0.0 1.0 0.0 0.0 0.0 0 0 0 0 0 0 0.0 0.0 0.0 0.0 0 0 0 0
51643 0 2233.0 387.0 1399.0 1809.0 0 0 0 0 0.0 0.0 0.0 0.0 0.0 0.0 0 0 0 0 0 0 0.0 0.0 0.0 0.0 0 0 0 0
51643 0 2358.0 372.0 1522.0 1558.0 0 0 0 0 0.0 0.0 0.0 0.0 0.0 0.0 0 0 0 0 0 0 0.0 0.0 0.0 0.0 0 0 0 0
51643 0 2303.0 441.0 1486.0 1583.0 0 0 0 0 0.0 0.0 0.0 0.0 0.0 0.0 0 0 0 0 0 0 0.0 0.0 0.0 0.0 0 0 0 0
51643 0 2313.0 405.0 1600.0 1759.0 0 0 0 0 0.0 0.0 0.0 0.0 0.0 0.0 0 0 0 0 0 0 0.0 0.0 0.0 0.0 0 0 0 0
51643 0 2365.0 397.0 1373.0 1559.0 0 0 0 0 0.0 0.0 0.0 0.0 0.0 0.0 0 0 0 0 0 0 0.0 0.0 0.0 0.0 0 0 0 0
51643 0 2323.0 390.0 1390.0 1588.0 0 0 0 0 0.0 0.0 0.0 0.0 0.0 0.0 0 0 0 0 0 0 0.0 0.0 0.0 0.0 0 0 0 0
51643 0 2233.0 400.0 1615.0 1713.0 0 0 0 0 0.0 0.0 0.0 0.0 0.0 0.0 0 0 0 0 0 0 0.0 0.0 0.0 0.0 0 0 0 0
51643 0 2325.0 367.0 1657.0 1687.0 0 0 0 0 0.0 0.0 0.0 0.0 0.0 0.0 0 0 0 0 0 0 0.0 0.0 0.0 0.0 0 0 0 0
51643 0 2235.0 356.0 1227.0 1724.0 0 0 0 0 0.0 0.0 0.0 0.0 0.0 0.0 0 0 0 0 0 0 0.0 0.0 0.0 0.0 0 0 0 0
51643 0 2131.0 351.0 1340.0 2030.0 0 0 0 0 0.0 0.0 0.0 0.0 0.0 0.0 0 0 0 0 0 0 0.0 0.0 0.0 0.0 0 0 0 0
51643 0 2109.0 366.0 1524.0 1720.0 0 0 0 0 0.0 0.0 0.0 0.0 0.0 0.0 0 0 0 0 0 0 0.0 0.0 0.0 0.0 0 0 0 0
51643 0 2177.0 397.0 1506.0 1759.0 0 0 0 0 0.0 0.0 0.0 0.0 0.0 0.0 0 0 0 0 0 0 0.0 0.0 0.0 0.0 0 0 0 0
51643 0 2101.0 418.0 1511.0 1794.0 0 0 0 0 0.0 0.0 0.0 0.0 0.0 0.0 0 0 0 0 0 0 0.0 0.0 0.0 0.0 0 0 0 0
51643 0 2309.0 358.0 1372.0 1653.0 0 0 0 0 0.0 0.0 0.0 0.0 0.0 1.0 0 0 0 0 0 0 0.0 0.0 0.0 0.0 0 0 0 0
51643 0 2138.0 371.0 1357.0 1660.0 0 0 0 0 0.0 0.0 0.0 0.0 0.0 1.0 0 0 0 0 0 0 0.0 0.0 0.0 0.0 0 0 0 0
51645 0 1560.0 376.0 1419.0 2325.0 0 0 0 0 0.0 0.0 0.0 0.0 0.0 0.0 0 0 0 0 0 0 0.0 0.0 0.0 0.0 0 0 0 0
51645 0 1569.0 337.0 1445.0 2383.0 0 0 0 0 0.0 0.0 0.0 0.0 0.0 0.0 0 0 0 0 0 0 0.0 0.0 0.0 0.0 0 0 0 0
51645 0 1581.0 362.0 1391.0 2227.0 0 0 0 0 0.0 0.0 0.0 0.0 0.0 0.0 0 0 0 0 0 0 0.0 0.0 0.0 0.0 0 0 0 0
51645 0 1566.0 286.0 1581.0 2289.0 0 0 0 0 0.0 0.0 0.0 0.0 0.0 0.0 0 0 0 0 0 0 0.0 0.0 0.0 0.0 0 0 0 0
51645 0 1592.0 359.0 1540.0 2380.0 0 0 0 0 0.0 0.0 0.0 0.0 0.0 1.0 0 0 0 0 0 0 0.0 0.0 0.0 0.0 0 0 0 0
51645 0 1541.0 394.0 1637.0 2354.0 0 0 0 0 0.0 0.0 0.0 0.0 0.0 0.0 0 0 0 0 0 0 0.0 0.0 0.0 0.0 0 0 0 0
51645 0 1574.0 368.0 1216.0 2459.0 0 0 0 0 0.0 0.0 0.0 0.0 0.0 0.0 0 0 0 0 0 0 0.0 0.0 0.0 0.0 0 0 0 0
51645 0 1532.0 335.0 1257.0 2298.0 0 0 0 0 0.0 0.0 0.0 0.0 0.0 0.0 0 0 0 0 0 0 0.0 0.0 0.0 0.0 0 0 0 0
51645 0 1605.0 355.0 1453.0 2334.0 0 0 0 0 0.0 0.0 0.0 0.0 0.0 0.0 0 0 0 0 0 0 0.0 0.0 0.0 0.0 0 0 0 0
51645 0 1576.0 361.0 1437.0 2300.0 0 0 0 0 0.0 0.0 0.0 0.0 0.0 0.0 0 0 0 0 0 0 0.0 0.0 0.0 0.0 0 0 0 0
51645 0 1584.0 381.0 1550.0 2280.0 0 0 0 0 0.0 0.0 0.0 0.0 0.0 0.0 0 0 0 0 0 0 0.0 0.0 0.0 0.0 0 0 0 0
51645 0 1656.0 426.0 1427.0 2259.0 0 0 0 0 0.0 0.0 0.0 0.0 0.0 1.0 0 0 0 0 0 0 0.0 0.0 0.0 0.0 0 0 0 0
51645 0 1585.0 379.0 1501.0 2298.0 0 0 0 0 0.0 0.0 0.0 0.0 0.0 0.0 0 0 0 0 0 0 0.0 0.0 0.0 0.0 0 0 0 0
51645 0 1545.0 393.0 1432.0 2285.0 0 0 0 0 0.0 0.0 0.0 0.0 0.0 0.0 0 0 0 0 0 0 0.0 0.0 0.0 0.0 0 0 0 0
51645 0 1552.0 353.0 1316.0 2194.0 0 0 0 0 0.0 0.0 0.0 0.0 0.0 0.0 0 0 0 0 0 0 0.0 0.0 0.0 0.0 0 0 0 0
51645 0 1628.0 375.0 1538.0 2542.0 0 0 0 0 0.0 0.0 0.0 0.0 0.0 0.0 0 0 0 0 0 0 0.0 0.0 0.0 0.0 0 0 0 0
51645 0 1629.0 362.0 1336.0 2415.0 0 0 0 0 0.0 0.0 0.0 0.0 0.0 0.0 0 0 0 0 0 0 0.0 0.0 0.0 0.0 0 0 0 0
51645 0 1711.0 412.0 1460.0 2236.0 0 0 0 0 0.0 0.0 0.0 0.0 0.0 0.0 0 0 0 0 0 0 0.0 0.0 0.0 0.0 0 0 0 0
51645 0 1738.0 378.0 1505.0 2335.0 0 0 0 0 0.0 0.0 0.0 0.0 0.0 0.0 0 0 0 0 0 0 0.0 0.0 0.0 0.0 0 0 0 0
51645 0 1668.0 359.0 1422.0 2191.0 0 0 0 0 0.0 0.0 0.0 0.0 0.0 0.0 0 0 0 0 0 0 0.0 0.0 0.0 0.0 0 0 0 0
51645 0 1628.0 369.0 1455.0 2354.0 0 0 0 0 0.0 1.0 0.0 0.0 0.0 0.0 0 0 0 0 0 0 0.0 0.0 0.0 0.0 0 0 0 0
51645 0 1731.0 368.0 1634.0 2257.0 0 0 0 0 0.0 0.0 0.0 0.0 0.0 0.0 0 0 0 0 0 0 0.0 0.0 0.0 0.0 0 0 0 0
51645 0 1825.0 371.0 1418.0 2069.0 0 0 0 0 0.0 0.0 0.0 0.0 0.0 0.0 0 0 0 0 0 0 0.0 0.0 0.0 0.0 0 0 0 0
51645 0 1762.0 380.0 1439.0 2223.0 0 0 0 0 0.0 0.0 0.0 0.0 0.0 0.0 0 0 0 0 0 0 0.0 0.0 0.0 0.0 0 0 0 0
51645 0 1827.0 429.0 1436.0 2206.0 0 0 0 0 0.0 0.0 0.0 0.0 0.0 0.0 0 0 0 0 0 0 0.0 0.0 0.0 0.0 0 0 0 0
51645 0 1733.0 374.0 1485.0 2055.0 0 0 0 0 0.0 0.0 0.0 0.0 0.0 0.0 0 0 0 0 0 0 0.0 0.0 0.0 0.0 0 0 0 0
51645 0 1772.0 380.0 1565.0 2155.0 0 0 0 0 0.0 0.0 0.0 0.0 0.0 0.0 0 0 0 0 0 0 0.0 0.0 0.0 0.0 0 0 0 0
51645 0 1650.0 411.0 1502.0 2361.0 0 0 0 0 0.0 0.0 0.0 0.0 0.0 0.0 0 0 0 0 0 0 0.0 0.0 0.0 0.0 0 0 0 0
51645 0 1533.0 383.0 1601.0 2356.0 0 0 0 0 0.0 0.0 0.0 0.0 0.0 0.0 0 0 0 0 0 0 0.0 0.0 0.0 0.0 0 0 0 0
51645 0 1537.0 352.0 1235.0 2287.0 0 0 0 0 0.0 0.0 0.0 0.0 0.0 0.0 0 0 0 0 0 0 0.0 0.0 0.0 0.0 0 0 0 0
51645 0 1570.0 425.0 1419.0 2374.0 0 0 0 0 0.0 0.0 0.0 0.0 0.0 0.0 0 0 0 0 0 0 0.0 0.0 0.0 0.0 0 0 0 0
51645 0 1532.0 346.0 1464.0 2308.0 0 0 0 0 0.0 0.0 0.0 0.0 0.0 1.0 0 0 0 0 0 0 0.0 0.0 0.0 0.0 0 0 0 0
51645 0 1610.0 383.0 1356.0 2135.0 0 0 0 0 0.0 0.0 0.0 0.0 0.0 1.0 0 0 0 0 0 0 0.0 0.0 0.0 0.0 0 0 0 0
51645 0 1594.0 358.0 1508.0 2361.0 0 0 0 0 0.0 0.0 0.0 0.0 0.0 0.0 0 0 0 0 0 0 0.0 0.0 0.0 0.0 0 0 0 0
51645 0 1639.0 389.0 1428.0 2310.0 0 0 0 0 0.0 0.0 0.0 0.0 0.0 0.0 0 0 0 0 0 0 0.0 0.0 0.0 0.0 0 0 0 0
51645 0 1664.0 432.0 1526.0 2210.0 0 0 0 0 0.0 0.0 0.0 0.0 0.0 0.0 0 0 0 0 0 0 0.0 0.0 0.0 0.0 0 0 0 0
51645 0 1578.0 360.0 1513.0 2331.0 0 0 0 0 0.0 0.0 0.0 0.0 0.0 0.0 0 0 0 0 0 0 0.0 0.0 0.0 0.0 0 0 0 0
51645 0 1595.0 353.0 1456.0 2463.0 0 0 0 0 0.0 0.0 0.0 0.0 0.0 0.0 0 0 0 0 0 0 0.0 0.0 0.0 0.0 0 0 0 0
51645 0 1581.0 391.0 1402.0 2372.0 0 0 0 0 0.0 0.0 0.0 0.0 0.0 0.0 0 0 0 0 0 0 0.0 0.0 0.0 0.0 0 0 0 0
51645 0 1537.0 371.0 1327.0 2359.0 0 0 0 0 0.0 0.0 0.0 0.0 0.0 1.0 0 0 0 0 0 0 0.0 0.0 0.0 0.0 0 0 0 0
51645 0 1586.0 385.0 1546.0 2392.0 0 0 0 0 0.0 0.0 0.0 0.0 0.0 0.0 0 0 0 0 0 0 0.0 0.0 0.0 0.0 0 0 0 0
51645 0 1650.0 412.0 1539.0 2357.0 0 0 0 0 0.0 0.0 0.0 0.0 0.0 1.0 0 0 0 0 0 0 0.0 0.0 0.0 0.0 0 0 0 0
51645 0 1732.0 345.0 1505.0 2226.0 0 0 0 0 0.0 0.0 0.0 0.0 0.0 0.0 0 0 0 0 0 0 0.0 0.0 0.0 0.0 0 0 0 0
51645 0 1621.0 369.0 1600.0 2287.0 0 0 0 0 0.0 0.0 1.0 0.0 0.0 2.0 0 0 0 0 0 0 0.0 0.0 0.0 0.0 0 0 0 0
51645 0 1548.0 426.0 1248.0 2538.0 0 0 0 0 0.0 0.0 0.0 0.0 0.0 0.0 0 0 0 0 0 0 0.0 0.0 0.0 0.0 0 0 0 0
51645 0 1566.0 393.0 1494.0 2169.0 0 0 0 0 0.0 0.0 0.0 0.0 0.0 0.0 0 0 0 0 0 0 0.0 0.0 0.0 0.0 0 0 0 0
51645 0 1602.0 374.0 1462.0 2317.0 0 0 0 0 0.0 0.0 0.0 0.0 0.0 0.0 0 0 0 0 0 0 0.0 0.0 0.0 0.0 0 0 0 0
51645 0 1596.0 404.0 1412.0 2267.0 0 0 0 0 0.0 0.0 0.0 0.0 0.0 0.0 0 0 0 0 0 0 0.0 0.0 0.0 0.0 0 0 0 0
51645 0 1664.0 378.0 1618.0 2298.0 0 0 0 0 0.0 0.0 0.0 0.0 0.0 0.0 0 0 0 0 0 0 0.0 0.0 0.0 0.0 0 0 0 0
51645 0 1598.0 348.0 1318.0 2609.0 0 0 0 0 0.0 0.0 0.0 0.0 0.0 0.0 0 0 0 0 0 0 0.0 0.0 0.0 0.0 0 0 0 0
51645 0 1609.0 432.0 1456.0 2363.0 0 0 0 0 0.0 0.0 0.0 0.0 0.0 1.0 0 0 0 0 0 0 0.0 0.0 0.0 0.0 0 0 0 0
51645 0 1583.0 363.0 1388.0 2450.0 0 0 0 0 0.0 0.0 0.0 0.0 0.0 0.0 0 0 0 0 0 0 0.0 0.0 0.0 0.0 0 0 0 0
51645 0 1717.0 385.0 1466.0 2457.0 0 0 0 0 0.0 0.0 0.0 0.0 0.0 0.0 0 0 0 0 0 0 0.0 0.0 0.0 0.0 0 0 0 0
51645 0 1635.0 408.0 1338.0 2190.0 0 0 0 0 0.0 0.0 0.0 0.0 0.0 0.0 0 0 0 0 0 0 0.0 0.0 0.0 0.0 0 0 0 0
51645 0 1635.0 414.0 1517.0 2303.0 0 0 0 0 0.0 0.0 0.0 0.0 0.0 0.0 0 0 0 0 0 0 0.0 0.0 0.0 0.0 0 0 0 0
51645 0 1556.0 417.0 1440.0 2239.0 0 0 0 0 0.0 0.0 0.0 0.0 0.0 1.0 0 0 0 0 0 0 0.0 0.0 0.0 0.0 0 0 0 0
51645 0 1573.0 382.0 1477.0 2427.0 0 0 0 0 0.0 0.0 0.0 0.0 0.0 0.0 0 0 0 0 0 0 0.0 0.0 0.0 0.0 0 0 0 0
51645 0 1652.0 353.0 1330.0 2467.0 0 0 0 0 0.0 0.0 0.0 0.0 0.0 0.0 0 0 0 0 0 0 0.0 0.0 0.0 0.0 0 0 0 0
51645 0 1621.0 313.0 1193.0 2272.0 0 0 0 0 0.0 0.0 0.0 0.0 0.0 0.0 0 0 0 0 0 0 0.0 0.0 0.0 0.0 0 0 0 0
51645 0 1650.0 365.0 1212.0 2242.0 0 0 0 0 0.0 0.0 0.0 0.0 0.0 0.0 0 0 0 0 0 0 0.0 0.0 0.0 0.0 0 0 0 0
51645 0 1703.0 358.0 1358.0 2334.0 0 0 0 0 0.0 0.0 0.0 0.0 0.0 0.0 0 0 0 0 0 0 0.0 0.0 0.0 0.0 0 0 0 0
51645 0 1620.0 389.0 1417.0 2372.0 0 0 0 0 0.0 0.0 0.0 0.0 0.0 0.0 0 0 0 0 0 0 0.0 0.0 0.0 0.0 0 0 0 0
51645 0 1610.0 314.0 1488.0 2365.0 0 0 0 0 0.0 0.0 1.0 0.0 0.0 1.0 0 0 0 0 0 0 0.0 0.0 0.0 0.0 0 0 0 0
51645 0 1543.0 404.0 1238.0 2350.0 0 0 0 0 0.0 0.0 0.0 0.0 0.0 0.0 0 0 0 0 0 0 0.0 0.0 0.0 0.0 0 0 0 0
51645 0 1682.0 398.0 1343.0 2411.0 0 0 0 0 0.0 1.0 0.0 0.0 0.0 0.0 0 0 0 0 0 0 0.0 0.0 0.0 0.0 0 0 0 0
51645 0 1606.0 368.0 1382.0 2535.0 0 0 0 0 0.0 0.0 0.0 0.0 0.0 0.0 0 0 0 0 0 0 0.0 0.0 0.0 0.0 0 0 0 0
51645 0 1622.0 396.0 1485.0 2414.0 0 0 0 0 0.0 0.0 0.0 0.0 0.0 0.0 0 0 0 0 0 0 0.0 0.0 0.0 0.0 0 0 0 0
51645 0 1599.0 412.0 1359.0 2342.0 0 0 0 0 0.0 0.0 1.0 0.0 0.0 1.0 0 0 0 0 0 0 0.0 0.0 0.0 0.0 0 0 0 0
51645 0 1587.0 365.0 1303.0 2259.0 0 0 0 0 0.0 1.0 0.0 0.0 0.0 0.0 0 0 0 0 0 0 0.0 0.0 0.0 0.0 0 0 0 0
51645 0 1637.0 386.0 1377.0 2265.0 0 0 0 0 0.0 0.0 0.0 0.0 0.0 0.0 0 0 0 0 0 0 0.0 0.0 0.0 0.0 0 0 0 0
51645 0 1612.0 398.0 1438.0 2326.0 0 0 0 0 0.0 0.0 0.0 0.0 0.0 2.0 0 0 0 0 0 0 0.0 0.0 0.0 0.0 0 0 0 0
51645 0 1567.0 347.0 1262.0 2277.0 0 0 0 0 0.0 0.0 0.0 0.0 0.0 0.0 0 0 0 0 0 0 0.0 0.0 0.0 0.0 0 0 0 0
51645 0 1545.0 393.0 1616.0 2298.0 0 0 0 0 0.0 0.0 0.0 0.0 0.0 0.0 0 0 0 0 0 0 0.0 0.0 0.0 0.0 0 0 0 0
51645 0 1671.0 442.0 1463.0 2594.0 0 0 0 0 0.0 0.0 0.0 0.0 0.0 0.0 0 0 0 0 0 0 0.0 0.0 0.0 0.0 0 0 0 0
51645 0 1526.0 395.0 1321.0 2253.0 0 0 0 0 0.0 0.0 0.0 0.0 0.0 0.0 0 0 0 0 0 0 0.0 0.0 0.0 0.0 0 0 0 0
51645 0 1580.0 357.0 1352.0 2613.0 0 0 0 0 0.0 0.0 0.0 0.0 0.0 0.0 0 0 0 0 0 0 0.0 0.0 0.0 0.0 0 0 0 0
51645 0 1599.0 394.0 1569.0 2323.0 0 0 0 0 0.0 0.0 0.0 0.0 0.0 0.0 0 0 0 0 0 0 0.0 0.0 0.0 0.0 0 0 0 0
51645 0 1592.0 421.0 1340.0 2382.0 0 0 0 0 0.0 0.0 0.0 0.0 0.0 0.0 0 0 0 0 0 0 0.0 0.0 0.0 0.0 0 0 0 0
51645 0 1547.0 393.0 1410.0 2275.0 0 0 0 0 0.0 0.0 0.0 0.0 0.0 0.0 0 0 0 0 0 0 0.0 0.0 0.0 0.0 0 0 0 0
51645 0 1511.0 379.0 1182.0 2310.0 0 0 0 0 0.0 0.0 0.0 0.0 0.0 0.0 0 0 0 0 0 0 0.0 0.0 0.0 0.0 0 0 0 0
51645 0 1529.0 377.0 1386.0 2293.0 0 0 0 0 0.0 0.0 0.0 0.0 0.0 0.0 0 0 0 0 0 0 0.0 0.0 0.0 0.0 0 0 0 0
51645 0 1505.0 373.0 1600.0 2384.0 0 0 0 0 0.0 0.0 0.0 0.0 0.0 0.0 0 0 0 0 0 0 0.0 0.0 0.0 0.0 0 0 0 0
51645 0 1489.0 340.0 1490.0 2574.0 0 0 0 0 0.0 0.0 0.0 0.0 0.0 0.0 0 0 0 0 0 0 0.0 0.0 0.0 0.0 0 0 0 0
51645 0 1547.0 379.0 1355.0 2573.0 0 0 0 0 0.0 0.0 0.0 0.0 0.0 0.0 0 0 0 0 0 0 0.0 0.0 0.0 0.0 0 0 0 0
51645 0 1559.0 406.0 1483.0 2277.0 0 0 0 0 0.0 0.0 0.0 0.0 0.0 0.0 0 0 0 0 0 0 0.0 0.0 0.0 0.0 0 0 0 0
51645 0 1474.0 416.0 1354.0 2378.0 0 0 0 0 0.0 0.0 0.0 0.0 0.0 0.0 0 0 0 0 0 0 0.0 0.0 0.0 0.0 0 0 0 0
51645 0 1518.0 404.0 1446.0 2322.0 0 0 0 0 0.0 0.0 0.0 0.0 0.0 0.0 0 0 0 0 0 0 0.0 0.0 0.0 0.0 0 0 0 0
51645 0 1521.0 425.0 1399.0 2526.0 0 0 0 0 0.0 0.0 0.0 0.0 0.0 0.0 0 0 0 0 0 0 0.0 0.0 0.0 0.0 0 0 0 0
51645 0 1553.0 442.0 1398.0 2587.0 0 0 0 0 0.0 0.0 0.0 0.0 0.0 0.0 0 0 0 0 0 0 0.0 0.0 0.0 0.0 0 0 0 0
51645 0 1495.0 376.0 1717.0 2230.0 0 0 0 0 0.0 0.0 0.0 0.0 0.0 0.0 0 0 0 0 0 0 0.0 0.0 0.0 0.0 0 0 0 0
51645 0 1545.0 412.0 1376.0 2339.0 0 0 0 0 0.0 0.0 0.0 0.0 0.0 0.0 0 0 0 0 0 0 0.0 0.0 0.0 0.0 0 0 0 0
51645 0 1522.0 373.0 1285.0 2288.0 0 0 0 0 0.0 0.0 0.0 0.0 0.0 0.0 0 0 0 0 0 0 0.0 0.0 0.0 0.0 0 0 0 0
51645 0 1530.0 431.0 1427.0 2500.0 0 0 0 0 0.0 0.0 0.0 0.0 0.0 0.0 0 0 0 0 0 0 0.0 0.0 0.0 0.0 0 0 0 0
51645 0 1495.0 417.0 1407.0 2405.0 0 0 0 0 0.0 0.0 0.0 0.0 0.0 0.0 0 0 0 0 0 0 0.0 0.0 0.0 0.0 0 0 0 0
51645 0 1536.0 418.0 1430.0 2247.0 0 0 0 0 0.0 0.0 0.0 0.0 0.0 0.0 0 0 0 0 0 0 0.0 0.0 0.0 0.0 0 0 0 0
51645 0 1578.0 403.0 1437.0 2511.0 0 0 0 0 0.0 0.0 0.0 0.0 0.0 0.0 0 0 0 0 0 0 0.0 0.0 0.0 0.0 0 0 0 0
51645 0 1568.0 408.0 1542.0 2601.0 0 0 0 0 0.0 0.0 0.0 0.0 0.0 0.0 0 0 0 0 0 0 0.0 0.0 0.0 0.0 0 0 0 0
51645 0 1537.0 438.0 1333.0 2502.0 0 0 0 0 0.0 0.0 0.0 0.0 0.0 0.0 0 0 0 0 0 0 0.0 0.0 0.0 0.0 0 0 0 0
51645 0 1610.0 361.0 1613.0 2306.0 0 0 0 0 0.0 0.0 0.0 0.0 0.0 0.0 0 0 0 0 0 0 0.0 0.0 0.0 0.0 0 0 0 0
51645 0 1650.0 374.0 1470.0 2243.0 0 0 0 0 0.0 0.0 0.0 0.0 0.0 0.0 0 0 0 0 0 0 0.0 0.0 0.0 0.0 0 0 0 0
51647 0 2454.0 401.0 1453.0 1469.0 0 0 0 0 0.0 0.0 0.0 0.0 0.0 1.0 0 0 0 0 0 0 0.0 0.0 0.0 0.0 0 0 0 0
51647 0 2482.0 375.0 1260.0 1528.0 0 0 0 0 0.0 0.0 0.0 0.0 0.0 0.0 0 0 0 0 0 0 0.0 0.0 0.0 0.0 0 0 0 0
51647 0 2501.0 396.0 1556.0 1568.0 0 0 0 0 0.0 0.0 0.0 0.0 0.0 0.0 0 0 0 0 0 0 0.0 0.0 0.0 0.0 0 0 0 0
51647 0 2471.0 380.0 1220.0 1567.0 0 0 0 0 0.0 1.0 0.0 0.0 0.0 0.0 0 0 0 0 0 0 0.0 0.0 0.0 0.0 0 0 0 0
51647 0 2484.0 400.0 1345.0 1573.0 0 0 0 0 0.0 0.0 0.0 0.0 0.0 0.0 0 0 0 0 0 0 0.0 0.0 0.0 0.0 0 0 0 0
51647 0 2434.0 380.0 1510.0 1386.0 0 0 0 0 0.0 0.0 0.0 0.0 0.0 0.0 0 0 0 0 0 0 0.0 0.0 0.0 0.0 0 0 0 0
51647 0 2449.0 471.0 1497.0 1334.0 0 0 0 0 0.0 0.0 0.0 0.0 0.0 0.0 0 0 0 0 0 0 0.0 0.0 0.0 0.0 0 0 0 0
51647 0 2473.0 355.0 1341.0 1502.0 0 0 0 0 0.0 0.0 0.0 0.0 0.0 0.0 0 0 0 0 0 0 0.0 0.0 0.0 0.0 0 0 0 0
51647 0 2399.0 401.0 1447.0 1469.0 0 0 0 0 0.0 0.0 0.0 0.0 0.0 0.0 0 0 0 0 0 0 0.0 0.0 0.0 0.0 0 0 0 0
51647 0 2454.0 400.0 1399.0 1265.0 0 0 0 0 0.0 0.0 0.0 0.0 0.0 0.0 0 0 0 0 0 0 0.0 0.0 0.0 0.0 0 0 0 0
51647 0 2420.0 423.0 1528.0 1610.0 0 0 0 0 0.0 0.0 0.0 0.0 0.0 0.0 0 0 0 0 0 0 0.0 0.0 0.0 0.0 0 0 0 0
51647 0 2374.0 380.0 1490.0 1634.0 0 0 0 0 0.0 0.0 0.0 0.0 0.0 0.0 0 0 0 0 0 0 0.0 0.0 0.0 0.0 0 0 0 0
51647 0 2316.0 372.0 1385.0 1447.0 0 0 0 0 0.0 0.0 0.0 0.0 0.0 1.0 0 0 0 0 0 0 0.0 0.0 0.0 0.0 0 0 0 0
51647 0 2512.0 359.0 1351.0 1596.0 0 0 0 0 0.0 0.0 0.0 0.0 0.0 1.0 0 0 0 0 0 0 0.0 0.0 0.0 0.0 0 0 0 0
51647 0 2383.0 413.0 1448.0 1674.0 0 0 0 0 0.0 0.0 0.0 0.0 0.0 0.0 0 0 0 0 0 0 0.0 0.0 0.0 0.0 0 0 0 0
51647 0 2310.0 415.0 1478.0 1600.0 0 0 0 0 0.0 0.0 0.0 0.0 0.0 0.0 0 0 0 0 0 0 0.0 0.0 0.0 0.0 0 0 0 0
51647 0 2231.0 386.0 1289.0 1642.0 0 0 0 0 0.0 0.0 1.0 0.0 0.0 0.0 0 0 0 0 0 0 0.0 0.0 0.0 0.0 0 0 0 0
51647 0 2365.0 396.0 1200.0 1723.0 0 0 0 0 0.0 0.0 0.0 0.0 0.0 0.0 0 0 0 0 0 0 0.0 0.0 0.0 0.0 0 0 0 0
51647 0 2297.0 364.0 1421.0 1467.0 0 0 0 0 0.0 0.0 0.0 0.0 0.0 0.0 0 0 0 0 0 0 0.0 0.0 0.0 0.0 0 0 0 0
51647 0 2358.0 423.0 1366.0 1461.0 0 0 0 0 0.0 0.0 0.0 0.0 0.0 0.0 0 0 0 0 0 0 0.0 0.0 0.0 0.0 0 0 0 0
51647 0 2239.0 378.0 1253.0 1636.0 0 0 0 0 0.0 0.0 0.0 0.0 0.0 0.0 0 0 0 0 0 0 0.0 0.0 0.0 0.0 0 0 0 0
51647 0 2374.0 348.0 1430.0 1663.0 0 0 0 0 0.0 0.0 0.0 0.0 0.0 0.0 0 0 0 0 0 0 0.0 0.0 0.0 0.0 0 0 0 0
51647 0 2482.0 376.0 1547.0 1596.0 0 0 0 0 0.0 1.0 0.0 0.0 0.0 0.0 0 0 0 0 0 0 0.0 0.0 0.0 0.0 0 0 0 0
51647 0 2341.0 408.0 1511.0 1591.0 0 0 0 0 0.0 0.0 0.0 0.0 0.0 0.0 0 0 0 0 0 0 0.0 0.0 0.0 0.0 0 0 0 0
51647 0 2343.0 409.0 1305.0 1537.0 0 0 0 0 0.0 1.0 0.0 0.0 0.0 0.0 0 0 0 0 0 0 0.0 0.0 0.0 0.0 0 0 0 0
51647 0 2297.0 364.0 1528.0 1675.0 0 0 0 0 0.0 0.0 0.0 0.0 0.0 0.0 0 0 0 0 0 0 0.0 0.0 0.0 0.0 0 0 0 0
51647 0 2335.0 315.0 1370.0 1599.0 0 0 0 0 0.0 0.0 0.0 0.0 0.0 0.0 0 0 0 0 0 0 0.0 0.0 0.0 0.0 0 0 0 0
51647 0 2239.0 364.0 1361.0 1735.0 0 0 0 0 0.0 0.0 0.0 0.0 0.0 0.0 0 0 0 0 0 0 0.0 0.0 0.0 0.0 0 0 0 0
51647 0 2266.0 356.0 1620.0 1628.0 0 0 0 0 0.0 0.0 0.0 0.0 0.0 0.0 0 0 0 0 0 0 0.0 0.0 0.0 0.0 0 0 0 0
51647 0 2313.0 396.0 1443.0 1615.0 0 0 0 0 0.0 0.0 0.0 0.0 0.0 0.0 0 0 0 0 0 0 0.0 0.0 0.0 0.0 0 0 0 0
51647 0 2374.0 432.0 1451.0 1341.0 0 0 0 0 0.0 0.0 0.0 0.0 0.0 0.0 0 0 0 0 0 0 0.0 0.0 0.0 0.0 0 0 0 0
51647 0 2342.0 385.0 1405.0 1319.0 0 0 0 0 0.0 0.0 0.0 0.0 0.0 0.0 0 0 0 0 0 0 0.0 0.0 0.0 0.0 0 0 0 0
51647 0 2534.0 355.0 1308.0 1489.0 0 0 0 0 0.0 0.0 0.0 0.0 0.0 0.0 0 0 0 0 0 0 0.0 0.0 0.0 0.0 0 0 0 0
51647 0 2290.0 409.0 1548.0 1661.0 0 0 0 0 0.0 0.0 0.0 0.0 0.0 0.0 0 0 0 0 0 0 0.0 0.0 0.0 0.0 0 0 0 0
51647 0 2219.0 345.0 1426.0 1822.0 0 0 0 0 0.0 0.0 0.0 0.0 0.0 0.0 0 0 0 0 0 0 0.0 0.0 0.0 0.0 0 0 0 0
51647 0 2154.0 394.0 1574.0 1742.0 0 0 0 0 0.0 0.0 0.0 0.0 0.0 0.0 0 0 0 0 0 0 0.0 0.0 0.0 0.0 0 0 0 0
51647 0 2067.0 397.0 1356.0 1808.0 0 0 0 0 0.0 0.0 0.0 0.0 0.0 0.0 0 0 0 0 0 0 0.0 0.0 0.0 0.0 0 0 0 0
51647 0 2314.0 364.0 1616.0 1864.0 0 0 0 0 0.0 0.0 0.0 0.0 0.0 0.0 0 0 0 0 0 0 0.0 0.0 0.0 0.0 0 0 0 0
51647 0 2393.0 388.0 1355.0 1608.0 0 0 0 0 0.0 0.0 0.0 0.0 0.0 0.0 0 0 0 0 0 0 0.0 0.0 0.0 0.0 0 0 0 0
51647 0 2376.0 339.0 1382.0 1467.0 0 0 0 0 0.0 0.0 0.0 0.0 0.0 0.0 0 0 0 0 0 0 0.0 0.0 0.0 0.0 0 0 0 0
51647 0 2356.0 413.0 1674.0 1568.0 0 0 0 0 0.0 0.0 0.0 0.0 0.0 0.0 0 0 0 0 0 0 0.0 0.0 0.0 0.0 0 0 0 0
51647 0 2290.0 379.0 1471.0 1798.0 0 0 0 0 0.0 0.0 0.0 0.0 0.0 0.0 0 0 0 0 0 0 0.0 0.0 0.0 0.0 0 0 0 0
51647 0 2284.0 376.0 1391.0 1748.0 0 0 0 0 0.0 0.0 0.0 0.0 0.0 0.0 0 0 0 0 0 0 0.0 0.0 0.0 0.0 0 0 0 0
51647 0 2245.0 349.0 1508.0 1689.0 0 0 0 0 0.0 0.0 0.0 0.0 0.0 0.0 0 0 0 0 0 0 0.0 0.0 0.0 0.0 0 0 0 0
51647 0 2336.0 388.0 1477.0 1675.0 0 0 0 0 0.0 2.0 0.0 0.0 0.0 0.0 0 0 0 0 0 0 0.0 0.0 0.0 0.0 0 0 0 0
51647 0 2336.0 377.0 1556.0 1605.0 0 0 0 0 0.0 0.0 0.0 0.0 0.0 0.0 0 0 0 0 0 0 0.0 0.0 0.0 0.0 0 0 0 0
51647 0 2253.0 371.0 1299.0 1633.0 0 0 0 0 0.0 0.0 0.0 0.0 0.0 0.0 0 0 0 0 0 0 0.0 0.0 0.0 0.0 0 0 0 0
51647 0 2288.0 340.0 1514.0 1673.0 0 0 0 0 0.0 0.0 0.0 0.0 0.0 0.0 0 0 0 0 0 0 0.0 0.0 0.0 0.0 0 0 0 0
51647 0 2469.0 382.0 1314.0 1532.0 0 0 0 0 0.0 0.0 0.0 0.0 0.0 0.0 0 0 0 0 0 0 0.0 0.0 0.0 0.0 0 0 0 0
51647 0 2407.0 384.0 1582.0 1539.0 0 0 0 0 0.0 0.0 0.0 0.0 0.0 0.0 0 0 0 0 0 0 0.0 0.0 0.0 0.0 0 0 0 0
51647 0 2387.0 353.0 1522.0 1566.0 0 0 0 0 0.0 0.0 0.0 0.0 0.0 0.0 0 0 0 0 0 0 0.0 0.0 0.0 0.0 0 0 0 0
51647 0 2289.0 386.0 1364.0 1729.0 0 0 0 0 0.0 0.0 0.0 0.0 0.0 0.0 0 0 0 0 0 0 0.0 0.0 0.0 0.0 0 0 0 0
51647 0 2532.0 383.0 1367.0 1834.0 0 0 0 0 0.0 0.0 0.0 0.0 0.0 0.0 0 0 0 0 0 0 0.0 0.0 0.0 0.0 0 0 0 0
51647 0 2502.0 379.0 1287.0 1497.0 0 0 0 0 0.0 0.0 0.0 0.0 0.0 0.0 0 0 0 0 0 0 0.0 0.0 0.0 0.0 0 0 0 0
51647 0 2396.0 334.0 1457.0 1580.0 0 0 0 0 0.0 0.0 0.0 0.0 0.0 0.0 0 0 0 0 0 0 0.0 0.0 0.0 0.0 0 0 0 0
51647 0 2414.0 363.0 1467.0 1619.0 0 0 0 0 0.0 0.0 0.0 0.0 0.0 0.0 0 0 0 0 0 0 0.0 0.0 0.0 0.0 0 0 0 0
51647 0 2410.0 371.0 1519.0 1432.0 0 0 0 0 0.0 0.0 0.0 0.0 0.0 0.0 0 0 0 0 0 0 0.0 0.0 0.0 0.0 0 0 0 0
51647 0 2332.0 349.0 1594.0 1533.0 0 0 0 0 0.0 0.0 0.0 0.0 0.0 0.0 0 0 0 0 0 0 0.0 0.0 0.0 0.0 0 0 0 0
51647 0 2243.0 400.0 1593.0 1823.0 0 0 0 0 0.0 0.0 0.0 0.0 0.0 1.0 0 0 0 0 0 0 0.0 0.0 0.0 0.0 0 0 0 0
51647 0 1978.0 436.0 1385.0 1885.0 0 0 0 0 0.0 0.0 0.0 0.0 0.0 0.0 0 0 0 0 0 0 0.0 0.0 0.0 0.0 0 0 0 0
51647 0 1913.0 345.0 1266.0 2039.0 0 0 0 0 0.0 0.0 0.0 0.0 0.0 0.0 0 0 0 0 0 0 0.0 0.0 0.0 0.0 0 0 0 0
51647 0 1870.0 397.0 1423.0 2235.0 0 0 0 0 0.0 0.0 0.0 0.0 0.0 0.0 0 0 0 0 0 0 0.0 0.0 0.0 0.0 0 0 0 0
51647 0 1771.0 388.0 1290.0 2056.0 0 0 0 0 0.0 0.0 0.0 0.0 0.0 0.0 0 0 0 0 0 0 0.0 0.0 0.0 0.0 0 0 0 0
51647 0 1696.0 343.0 1304.0 2305.0 0 0 0 0 0.0 0.0 0.0 0.0 0.0 0.0 0 0 0 0 0 0 0.0 0.0 0.0 0.0 0 0 0 0
51647 0 1636.0 323.0 1196.0 2222.0 0 0 0 0 0.0 0.0 0.0 0.0 0.0 0.0 0 0 0 0 0 0 0.0 0.0 0.0 0.0 0 0 0 0
51647 0 1561.0 408.0 1370.0 2471.0 0 0 0 0 0.0 0.0 0.0 0.0 0.0 0.0 0 0 0 0 0 0 0.0 0.0 0.0 0.0 0 0 0 0
51647 0 1539.0 306.0 1391.0 2416.0 0 0 0 0 0.0 0.0 0.0 0.0 0.0 0.0 0 0 0 0 0 0 0.0 0.0 0.0 0.0 0 0 0 0
51647 0 1694.0 394.0 1457.0 2465.0 0 0 0 0 0.0 0.0 0.0 0.0 0.0 0.0 0 0 0 0 0 0 0.0 0.0 0.0 0.0 0 0 0 0
51647 0 1627.0 372.0 1355.0 2191.0 0 0 0 0 0.0 0.0 0.0 0.0 0.0 0.0 0 0 0 0 0 0 0.0 0.0 0.0 0.0 0 0 0 0
51647 0 1815.0 326.0 1436.0 2414.0 0 0 0 0 0.0 0.0 0.0 0.0 0.0 0.0 0 0 0 0 0 0 0.0 0.0 0.0 0.0 0 0 0 0
51647 0 1992.0 375.0 1599.0 2033.0 0 0 0 0 0.0 0.0 0.0 0.0 0.0 0.0 0 0 0 0 0 0 0.0 0.0 0.0 0.0 0 0 0 0
51647 0 2077.0 384.0 1670.0 1870.0 0 0 0 0 0.0 0.0 0.0 0.0 0.0 0.0 0 0 0 0 0 0 0.0 0.0 0.0 0.0 0 0 0 0
51647 0 2276.0 425.0 1362.0 1592.0 0 0 0 0 0.0 0.0 0.0 0.0 0.0 0.0 0 0 0 0 0 0 0.0 0.0 0.0 0.0 0 0 0 0
51647 0 2336.0 384.0 1598.0 1637.0 0 0 0 0 1.0 0.0 0.0 0.0 0.0 0.0 0 0 0 0 0 0 0.0 0.0 0.0 0.0 0 0 0 0
51647 0 2287.0 340.0 1419.0 1538.0 0 0 0 0 0.0 1.0 0.0 0.0 0.0 0.0 0 0 0 0 0 0 0.0 0.0 0.0 0.0 0 0 0 0
51647 0 2259.0 368.0 1518.0 1772.0 0 0 0 0 0.0 0.0 0.0 0.0 0.0 1.0 0 0 0 0 0 0 0.0 0.0 0.0 0.0 0 0 0 0
51647 0 2277.0 368.0 1382.0 2006.0 0 0 0 0 0.0 0.0 0.0 0.0 0.0 0.0 0 0 0 0 0 0 0.0 0.0 0.0 0.0 0 0 0 0
51647 0 2283.0 372.0 1461.0 1743.0 0 0 0 0 0.0 0.0 0.0 0.0 0.0 2.0 0 0 0 0 0 0 0.0 0.0 0.0 0.0 0 0 0 0
51647 0 2323.0 389.0 1411.0 1670.0 0 0 0 0 0.0 0.0 0.0 0.0 0.0 0.0 0 0 0 0 0 0 0.0 0.0 0.0 0.0 0 0 0 0
51647 0 2263.0 384.0 1572.0 1729.0 0 0 0 0 0.0 0.0 0.0 0.0 0.0 0.0 0 0 0 0 0 0 0.0 0.0 0.0 0.0 0 0 0 0
51647 0 2142.0 390.0 1484.0 2046.0 0 0 0 0 0.0 0.0 0.0 0.0 0.0 0.0 0 0 0 0 0 0 0.0 0.0 0.0 0.0 0 0 0 0
51647 0 2211.0 358.0 1212.0 1922.0 0 0 0 0 0.0 0.0 0.0 0.0 0.0 0.0 0 0 0 0 0 0 0.0 0.0 0.0 0.0 0 0 0 0
51647 0 2186.0 329.0 1498.0 2029.0 0 0 0 0 0.0 0.0 0.0 0.0 0.0 0.0 0 0 0 0 0 0 0.0 0.0 0.0 0.0 0 0 0 0
51647 0 2314.0 407.0 1243.0 1838.0 0 0 0 0 0.0 0.0 0.0 0.0 0.0 0.0 0 0 0 0 0 0 0.0 0.0 0.0 0.0 0 0 0 0
51647 0 2205.0 332.0 1265.0 1961.0 0 0 0 0 0.0 0.0 0.0 0.0 0.0 0.0 0 0 0 0 0 0 0.0 0.0 0.0 0.0 0 0 0 0
51647 0 2188.0 361.0 1450.0 1836.0 0 0 0 0 0.0 0.0 0.0 0.0 0.0 0.0 0 0 0 0 0 0 0.0 0.0 0.0 0.0 0 0 0 0
51647 0 2107.0 404.0 1520.0 1807.0 0 0 0 0 0.0 0.0 0.0 0.0 0.0 0.0 0 0 0 0 0 0 0.0 0.0 0.0 0.0 0 0 0 0
51647 0 2226.0 369.0 1488.0 1812.0 0 0 0 0 0.0 0.0 0.0 0.0 0.0 0.0 0 0 0 0 0 0 0.0 0.0 0.0 0.0 0 0 0 0
51647 0 2086.0 385.0 1632.0 1686.0 0 0 0 0 0.0 0.0 0.0 0.0 0.0 0.0 0 0 0 0 0 0 0.0 0.0 0.0 0.0 0 0 0 0
51647 0 2120.0 439.0 1613.0 1736.0 0 0 0 0 0.0 0.0 0.0 0.0 0.0 0.0 0 0 0 0 0 0 0.0 0.0 0.0 0.0 0 0 0 0
51647 0 2334.0 376.0 1477.0 1492.0 0 0 0 0 0.0 1.0 0.0 0.0 0.0 0.0 0 0 0 0 0 0 0.0 0.0 0.0 0.0 0 0 0 0
51647 0 2333.0 373.0 1296.0 1622.0 0 0 0 0 0.0 0.0 0.0 0.0 0.0 0.0 0 0 0 0 0 0 0.0 0.0 0.0 0.0 0 0 0 0
51647 0 2207.0 402.0 1355.0 1800.0 0 0 0 0 0.0 0.0 0.0 0.0 0.0 0.0 0 0 0 0 0 0 0.0 0.0 0.0 0.0 0 0 0 0
51647 0 1962.0 333.0 1461.0 1977.0 0 0 0 0 0.0 0.0 0.0 0.0 0.0 0.0 0 0 0 0 0 0 0.0 0.0 0.0 0.0 0 0 0 0
51647 0 2164.0 365.0 1476.0 2009.0 0 0 0 0 0.0 0.0 0.0 0.0 0.0 0.0 0 0 0 0 0 0 0.0 0.0 0.0 0.0 0 0 0 0
51647 0 1938.0 371.0 1315.0 2086.0 0 0 0 0 0.0 0.0 0.0 0.0 0.0 0.0 0 0 0 0 0 0 0.0 0.0 0.0 0.0 0 0 0 0
51647 0 1928.0 373.0 1628.0 1967.0 0 0 0 0 0.0 0.0 0.0 0.0 0.0 0.0 0 0 0 0 0 0 0.0 0.0 0.0 0.0 0 0 0 0
51647 0 1917.0 352.0 1331.0 2051.0 0 0 0 0 0.0 1.0 0.0 0.0 0.0 0.0 0 0 0 0 0 0 0.0 0.0 0.0 0.0 0 0 0 0
51647 0 1896.0 359.0 1415.0 2032.0 0 0 0 0 0.0 0.0 0.0 0.0 0.0 0.0 0 0 0 0 0 0 0.0 0.0 0.0 0.0 0 0 0 0
51647 0 1944.0 404.0 1439.0 2038.0 0 0 0 0 0.0 0.0 0.0 0.0 0.0 1.0 0 0 0 0 0 0 0.0 0.0 0.0 0.0 0 0 0 0
51649 0 2132.0 352.0 1382.0 1910.0 0 0 0 0 0.0 0.0 0.0 0.0 0.0 0.0 0 0 0 0 0 0 0.0 0.0 0.0 0.0 0 0 0 0
51649 0 2196.0 329.0 1484.0 1848.0 0 0 0 0 0.0 1.0 0.0 0.0 0.0 0.0 0 0 0 0 0 0 0.0 0.0 0.0 0.0 0 0 0 0
51649 0 2133.0 365.0 1511.0 1791.0 0 0 0 0 0.0 0.0 0.0 0.0 0.0 0.0 0 0 0 0 0 0 0.0 0.0 0.0 0.0 0 0 0 0
51649 0 2106.0 368.0 1638.0 1788.0 0 0 0 0 0.0 0.0 0.0 0.0 0.0 0.0 0 0 0 0 0 0 0.0 0.0 0.0 0.0 0 0 0 0
51649 0 2208.0 388.0 1504.0 1656.0 0 0 0 0 0.0 0.0 0.0 0.0 0.0 0.0 0 0 0 0 0 0 0.0 0.0 0.0 0.0 0 0 0 0
51649 0 2109.0 397.0 1433.0 1899.0 0 0 0 0 0.0 0.0 0.0 0.0 0.0 0.0 0 0 0 0 0 0 0.0 0.0 0.0 0.0 0 0 0 0
51649 0 2137.0 382.0 1478.0 1845.0 0 0 0 0 0.0 0.0 0.0 0.0 0.0 0.0 0 0 0 0 0 0 0.0 0.0 0.0 0.0 0 0 0 0
51649 0 2084.0 370.0 1469.0 1737.0 0 0 0 0 0.0 0.0 0.0 0.0 0.0 0.0 0 0 0 0 0 0 0.0 0.0 0.0 0.0 0 0 0 0
51649 0 2274.0 376.0 1169.0 1818.0 0 0 0 0 0.0 0.0 0.0 0.0 0.0 0.0 0 0 0 0 0 0 0.0 0.0 0.0 0.0 0 0 0 0
51649 0 2101.0 340.0 1468.0 1791.0 0 0 0 0 0.0 0.0 0.0 0.0 0.0 0.0 0 0 0 0 0 0 0.0 0.0 0.0 0.0 0 0 0 0
51649 0 2101.0 363.0 1541.0 1938.0 0 0 0 0 0.0 0.0 0.0 0.0 0.0 0.0 0 0 0 0 0 0 0.0 0.0 0.0 0.0 0 0 0 0
51649 0 2037.0 368.0 1390.0 1872.0 0 0 0 0 0.0 0.0 0.0 0.0 0.0 0.0 0 0 0 0 0 0 0.0 0.0 0.0 0.0 0 0 0 0
51649 0 1998.0 389.0 1471.0 2066.0 0 0 0 0 0.0 0.0 0.0 0.0 0.0 0.0 0 0 0 0 0 0 0.0 0.0 0.0 0.0 0 0 0 0
51649 0 1860.0 363.0 1294.0 2102.0 0 0 0 0 0.0 0.0 0.0 0.0 0.0 0.0 0 0 0 0 0 0 0.0 0.0 0.0 0.0 0 0 0 0
51649 0 1735.0 338.0 1404.0 2344.0 0 0 0 0 0.0 0.0 0.0 0.0 0.0 0.0 0 0 0 0 0 0 0.0 0.0 0.0 0.0 0 0 0 0
51649 0 1689.0 358.0 1577.0 2412.0 0 0 0 0 0.0 0.0 0.0 0.0 0.0 0.0 0 0 0 0 0 0 0.0 0.0 0.0 0.0 0 0 0 0
51649 0 1556.0 396.0 1347.0 2278.0 0 0 0 0 0.0 0.0 0.0 0.0 0.0 0.0 0 0 0 0 0 0 0.0 0.0 0.0 0.0 0 0 0 0
51649 0 1592.0 332.0 1369.0 2389.0 0 0 0 0 0.0 0.0 0.0 0.0 0.0 0.0 0 0 0 0 0 0 0.0 0.0 0.0 0.0 0 0 0 0
51649 0 1567.0 357.0 1301.0 2283.0 0 0 0 0 0.0 0.0 0.0 0.0 0.0 0.0 0 0 0 0 0 0 0.0 0.0 0.0 0.0 0 0 0 0
51649 0 1700.0 366.0 1519.0 2310.0 0 0 0 0 0.0 0.0 0.0 0.0 0.0 0.0 0 0 0 0 0 0 0.0 0.0 0.0 0.0 0 0 0 0
51649 0 1733.0 349.0 1346.0 2182.0 0 0 0 0 0.0 0.0 0.0 0.0 0.0 0.0 0 0 0 0 0 0 0.0 0.0 0.0 0.0 0 0 0 0
51649 0 1780.0 341.0 1539.0 2164.0 0 0 0 0 0.0 0.0 0.0 0.0 0.0 0.0 0 0 0 0 0 0 0.0 0.0 0.0 0.0 0 0 0 0
51649 0 1898.0 366.0 1456.0 2151.0 0 0 0 0 0.0 0.0 1.0 0.0 0.0 0.0 0 0 0 0 0 0 0.0 0.0 0.0 0.0 0 0 0 0
51649 0 2006.0 407.0 1529.0 2071.0 0 0 0 0 0.0 0.0 0.0 0.0 0.0 0.0 0 0 0 0 0 0 0.0 0.0 0.0 0.0 0 0 0 0
51649 0 1964.0 372.0 1577.0 2077.0 0 0 0 0 0.0 0.0 0.0 0.0 0.0 1.0 0 0 0 0 0 0 0.0 0.0 0.0 0.0 0 0 0 0
51649 0 2188.0 386.0 1535.0 1965.0 0 0 0 0 0.0 1.0 0.0 0.0 0.0 0.0 0 0 0 0 0 0 0.0 0.0 0.0 0.0 0 0 0 0
51649 0 2061.0 350.0 1360.0 1945.0 0 0 0 0 0.0 0.0 0.0 0.0 0.0 0.0 0 0 0 0 0 0 0.0 0.0 0.0 0.0 0 0 0 0
51649 0 1941.0 433.0 1274.0 2167.0 0 0 0 0 0.0 0.0 0.0 0.0 0.0 0.0 0 0 0 0 0 0 0.0 0.0 0.0 0.0 0 0 0 0
51649 0 1860.0 385.0 1182.0 2245.0 0 0 0 0 0.0 0.0 0.0 0.0 0.0 0.0 0 0 0 0 0 0 0.0 0.0 0.0 0.0 0 0 0 0
51649 0 1897.0 433.0 1334.0 1951.0 0 0 0 0 0.0 0.0 0.0 0.0 0.0 0.0 0 0 0 0 0 0 0.0 0.0 0.0 0.0 0 0 0 0
51649 0 1888.0 384.0 1411.0 2105.0 0 0 0 0 0.0 0.0 0.0 0.0 0.0 0.0 0 0 0 0 0 0 0.0 0.0 0.0 0.0 0 0 0 0
51649 0 1753.0 363.0 1177.0 2098.0 0 0 0 0 0.0 0.0 0.0 0.0 0.0 0.0 0 0 0 0 0 0 0.0 0.0 0.0 0.0 0 0 0 0
51649 0 1678.0 369.0 1368.0 2143.0 0 0 0 0 0.0 0.0 0.0 0.0 0.0 0.0 0 0 0 0 0 0 0.0 0.0 0.0 0.0 0 0 0 0
51649 0 1717.0 363.0 1455.0 2333.0 0 0 0 0 0.0 0.0 0.0 0.0 0.0 1.0 0 0 0 0 0 0 0.0 0.0 0.0 0.0 0 0 0 0
51649 0 1834.0 348.0 1411.0 2228.0 0 0 0 0 0.0 0.0 0.0 0.0 0.0 0.0 0 0 0 0 0 0 0.0 0.0 0.0 0.0 0 0 0 0
51649 0 2007.0 425.0 1544.0 2154.0 0 0 0 0 0.0 0.0 0.0 0.0 0.0 0.0 0 0 0 0 0 0 0.0 0.0 0.0 0.0 0 0 0 0
51649 0 1859.0 397.0 1646.0 2274.0 0 0 0 0 0.0 0.0 0.0 0.0 0.0 0.0 0 0 0 0 0 0 0.0 0.0 0.0 0.0 0 0 0 0
51649 0 1872.0 364.0 1145.0 2089.0 0 0 0 0 0.0 0.0 0.0 0.0 0.0 0.0 0 0 0 0 0 0 0.0 0.0 0.0 0.0 0 0 0 0
51649 0 1781.0 432.0 1455.0 2013.0 0 0 0 0 0.0 0.0 1.0 0.0 0.0 0.0 0 0 0 0 0 0 0.0 0.0 0.0 0.0 0 0 0 0
51649 0 1815.0 382.0 1627.0 1988.0 0 0 0 0 0.0 0.0 0.0 0.0 0.0 0.0 0 0 0 0 0 0 0.0 0.0 0.0 0.0 0 0 0 0
51649 0 1985.0 349.0 1324.0 2147.0 0 0 0 0 0.0 0.0 0.0 0.0 0.0 1.0 0 0 0 0 0 0 0.0 0.0 0.0 0.0 0 0 0 0
51649 0 1974.0 333.0 1387.0 2008.0 0 0 0 0 0.0 0.0 0.0 0.0 0.0 1.0 0 0 0 0 0 0 0.0 0.0 0.0 0.0 0 0 0 0
51649 0 1986.0 380.0 1282.0 1990.0 0 0 0 0 0.0 0.0 0.0 0.0 0.0 0.0 0 0 0 0 0 0 0.0 0.0 0.0 0.0 0 0 0 0
51649 0 1964.0 378.0 1428.0 1828.0 0 0 0 0 0.0 0.0 0.0 0.0 0.0 0.0 0 0 0 0 0 0 0.0 0.0 0.0 0.0 0 0 0 0
51649 0 1982.0 378.0 1509.0 1932.0 0 0 0 0 0.0 0.0 0.0 0.0 0.0 0.0 0 0 0 0 0 0 0.0 0.0 0.0 0.0 0 0 0 0
51649 0 1943.0 386.0 1481.0 1929.0 0 0 0 0 0.0 0.0 0.0 0.0 0.0 0.0 0 0 0 0 0 0 0.0 0.0 0.0 0.0 0 0 0 0
51649 0 2018.0 311.0 1354.0 1977.0 0 0 0 0 0.0 0.0 0.0 0.0 0.0 0.0 0 0 0 0 0 0 0.0 0.0 0.0 0.0 0 0 0 0
51649 0 2044.0 362.0 1424.0 2070.0 0 0 0 0 0.0 0.0 0.0 0.0 0.0 0.0 0 0 0 0 0 0 0.0 0.0 0.0 0.0 0 0 0 0
51649 0 2061.0 350.0 1256.0 1958.0 0 0 0 0 0.0 0.0 0.0 0.0 0.0 0.0 0 0 0 0 0 0 0.0 0.0 0.0 0.0 0 0 0 0
51649 0 2005.0 407.0 1369.0 1974.0 0 0 0 0 0.0 0.0 0.0 0.0 0.0 0.0 0 0 0 0 0 0 0.0 0.0 0.0 0.0 0 0 0 0
51649 0 1918.0 365.0 1584.0 2008.0 0 0 0 0 0.0 0.0 0.0 0.0 0.0 0.0 0 0 0 0 0 0 0.0 0.0 0.0 0.0 0 0 0 0
51649 0 1933.0 359.0 1551.0 2095.0 0 0 0 0 0.0 0.0 0.0 0.0 0.0 0.0 0 0 0 0 0 0 0.0 0.0 0.0 0.0 0 0 0 0
51649 0 1972.0 367.0 1318.0 2151.0 0 0 0 0 0.0 1.0 0.0 0.0 0.0 0.0 0 0 0 0 0 0 0.0 0.0 0.0 0.0 0 0 0 0
51649 0 1915.0 435.0 1484.0 1881.0 0 0 0 0 0.0 0.0 0.0 0.0 0.0 0.0 0 0 0 0 0 0 0.0 0.0 0.0 0.0 0 0 0 0
51649 0 2166.0 412.0 1458.0 1957.0 0 0 0 0 0.0 0.0 0.0 0.0 0.0 0.0 0 0 0 0 0 0 0.0 0.0 0.0 0.0 0 0 0 0
51649 0 2212.0 377.0 1441.0 1913.0 0 0 0 0 0.0 0.0 0.0 0.0 0.0 1.0 0 0 0 0 0 0 0.0 0.0 0.0 0.0 0 0 0 0
51649 0 2377.0 384.0 1555.0 1605.0 0 0 0 0 0.0 0.0 0.0 0.0 0.0 0.0 0 0 0 0 0 0 0.0 0.0 0.0 0.0 0 0 0 0
51649 0 2442.0 355.0 1517.0 1450.0 0 0 0 0 0.0 0.0 0.0 0.0 0.0 0.0 0 0 0 0 0 0 0.0 0.0 0.0 0.0 0 0 0 0
51649 0 2300.0 434.0 1526.0 1724.0 0 0 0 0 0.0 0.0 0.0 0.0 0.0 0.0 0 0 0 0 0 0 0.0 0.0 0.0 0.0 0 0 0 0
51649 0 2256.0 387.0 1472.0 1885.0 0 0 0 0 0.0 0.0 0.0 0.0 0.0 0.0 0 0 0 0 0 0 0.0 0.0 0.0 0.0 0 0 0 0
51649 0 2231.0 351.0 1480.0 1766.0 0 0 0 0 0.0 0.0 0.0 0.0 0.0 0.0 0 0 0 0 0 0 0.0 0.0 0.0 0.0 0 0 0 0
51649 0 2257.0 349.0 1430.0 1709.0 0 0 0 0 0.0 0.0 0.0 0.0 0.0 0.0 0 0 0 0 0 0 0.0 0.0 0.0 0.0 0 0 0 0
51649 0 2296.0 384.0 1538.0 1640.0 0 0 0 0 0.0 0.0 0.0 0.0 0.0 0.0 0 0 0 0 0 0 0.0 0.0 0.0 0.0 0 0 0 0
51649 0 2363.0 469.0 1472.0 1598.0 0 0 0 0 0.0 0.0 0.0 0.0 0.0 0.0 0 0 0 0 0 0 0.0 0.0 0.0 0.0 0 0 0 0
51649 0 2433.0 339.0 1451.0 1647.0 0 0 0 0 0.0 0.0 0.0 0.0 0.0 0.0 0 0 0 0 0 0 0.0 0.0 0.0 0.0 0 0 0 0
51649 0 2447.0 388.0 1455.0 1458.0 0 0 0 0 0.0 0.0 0.0 0.0 0.0 0.0 0 0 0 0 0 0 0.0 0.0 0.0 0.0 0 0 0 0
51649 0 2371.0 364.0 1632.0 1315.0 0 0 0 0 0.0 0.0 0.0 0.0 0.0 0.0 0 0 0 0 0 0 0.0 0.0 0.0 0.0 0 0 0 0
51649 0 2398.0 332.0 1679.0 1568.0 0 0 0 0 0.0 0.0 0.0 0.0 0.0 0.0 0 0 0 0 0 0 0.0 0.0 0.0 0.0 0 0 0 0
51649 0 2476.0 393.0 1509.0 1517.0 0 0 0 0 0.0 0.0 0.0 0.0 0.0 0.0 0 0 0 0 0 0 0.0 0.0 0.0 0.0 0 0 0 0
51649 0 2472.0 403.0 1330.0 1359.0 0 0 0 0 0.0 1.0 0.0 0.0 0.0 0.0 0 0 0 0 0 0 0.0 0.0 0.0 0.0 0 0 0 0
51649 0 2440.0 364.0 1494.0 1487.0 0 0 0 0 0.0 0.0 0.0 0.0 0.0 0.0 0 0 0 0 0 0 0.0 0.0 0.0 0.0 0 0 0 0
51649 0 2606.0 340.0 1410.0 1503.0 0 0 0 0 0.0 0.0 0.0 0.0 0.0 0.0 0 0 0 0 0 0 0.0 0.0 0.0 0.0 0 0 0 0
51649 0 2426.0 364.0 1718.0 1587.0 0 0 0 0 0.0 0.0 0.0 0.0 0.0 0.0 0 0 0 0 0 0 0.0 0.0 0.0 0.0 0 0 0 0
51649 0 2428.0 343.0 1451.0 1351.0 0 0 0 0 0.0 0.0 0.0 0.0 0.0 0.0 0 0 0 0 0 0 0.0 0.0 0.0 0.0 0 0 0 0
51649 0 2532.0 369.0 1500.0 1386.0 0 0 0 0 0.0 0.0 0.0 0.0 0.0 0.0 0 0 0 0 0 0 0.0 0.0 0.0 0.0 0 0 0 0
51649 0 2493.0 353.0 1422.0 1416.0 0 0 0 0 0.0 0.0 0.0 0.0 0.0 0.0 0 0 0 0 0 0 0.0 0.0 0.0 0.0 0 0 0 0
51649 0 2406.0 337.0 1548.0 1557.0 0 0 0 0 0.0 0.0 0.0 0.0 0.0 0.0 0 0 0 0 0 0 0.0 0.0 0.0 0.0 0 0 0 0
51649 0 2492.0 363.0 1531.0 1361.0 0 0 0 0 0.0 0.0 0.0 0.0 0.0 0.0 0 0 0 0 0 0 0.0 0.0 0.0 0.0 0 0 0 0
51649 0 2483.0 389.0 1593.0 1419.0 0 0 0 0 0.0 0.0 0.0 0.0 0.0 0.0 0 0 0 0 0 0 0.0 0.0 0.0 0.0 0 0 0 0
51649 0 2606.0 352.0 1367.0 1550.0 0 0 0 0 0.0 0.0 0.0 0.0 0.0 0.0 0 0 0 0 0 0 0.0 0.0 0.0 0.0 0 0 0 0
51649 0 2463.0 390.0 1477.0 1358.0 0 0 0 0 0.0 1.0 0.0 0.0 0.0 0.0 0 0 0 0 0 0 0.0 0.0 0.0 0.0 0 0 0 0
51649 0 2509.0 362.0 1461.0 1550.0 0 0 0 0 0.0 1.0 0.0 0.0 0.0 0.0 0 0 0 0 0 0 0.0 0.0 0.0 0.0 0 0 0 0
51649 0 2452.0 405.0 1456.0 1603.0 0 0 0 0 0.0 0.0 0.0 0.0 0.0 0.0 0 0 0 0 0 0 0.0 0.0 0.0 0.0 0 0 0 0
51649 0 2447.0 355.0 1374.0 1439.0 0 0 0 0 0.0 0.0 1.0 0.0 0.0 0.0 0 0 0 0 0 0 0.0 0.0 0.0 0.0 0 0 0 0
51649 0 2462.0 394.0 1525.0 1530.0 0 0 0 0 0.0 1.0 0.0 0.0 0.0 0.0 0 0 0 0 0 0 0.0 0.0 0.0 0.0 0 0 0 0
51649 0 2466.0 359.0 1332.0 1271.0 0 0 0 0 0.0 0.0 0.0 0.0 0.0 1.0 0 0 0 0 0 0 0.0 0.0 0.0 0.0 0 0 0 0
51649 0 2458.0 369.0 1466.0 1446.0 0 0 0 0 0.0 0.0 0.0 0.0 0.0 0.0 0 0 0 0 0 0 0.0 0.0 0.0 0.0 0 0 0 0
51649 0 2469.0 312.0 1416.0 1633.0 0 0 0 0 0.0 0.0 0.0 0.0 0.0 0.0 0 0 0 0 0 0 0.0 0.0 0.0 0.0 0 0 0 0
51649 0 2451.0 344.0 1440.0 1574.0 0 0 0 0 0.0 0.0 0.0 0.0 0.0 0.0 0 0 0 0 0 0 0.0 0.0 0.0 0.0 0 0 0 0
51649 0 2451.0 350.0 1589.0 1624.0 0 0 0 0 0.0 0.0 0.0 0.0 0.0 0.0 0 0 0 0 0 0 0.0 0.0 0.0 0.0 0 0 0 0
51649 0 2283.0 355.0 1494.0 1388.0 0 0 0 0 0.0 0.0 0.0 0.0 0.0 0.0 0 0 0 0 0 0 0.0 0.0 0.0 0.0 0 0 0 0
51649 0 2437.0 350.0 1501.0 1568.0 0 0 0 0 0.0 0.0 0.0 0.0 0.0 0.0 0 0 0 0 0 0 0.0 0.0 0.0 0.0 0 0 0 0
51649 0 2413.0 360.0 1327.0 1752.0 0 0 0 0 0.0 0.0 0.0 0.0 0.0 0.0 0 0 0 0 0 0 0.0 0.0 0.0 0.0 0 0 0 0
51649 0 2449.0 388.0 1471.0 1690.0 0 0 0 0 0.0 0.0 0.0 0.0 0.0 0.0 0 0 0 0 0 0 0.0 0.0 0.0 0.0 0 0 0 0
51649 0 2375.0 362.0 1572.0 1726.0 0 0 0 0 0.0 0.0 0.0 0.0 0.0 0.0 0 0 0 0 0 0 0.0 0.0 0.0 0.0 0 0 0 0
51649 0 2363.0 393.0 1571.0 1486.0 0 0 0 0 0.0 1.0 0.0 0.0 0.0 0.0 0 0 0 0 0 0 0.0 0.0 0.0 0.0 0 0 0 0
51649 0 2379.0 339.0 1310.0 1578.0 0 0 0 0 0.0 0.0 0.0 0.0 0.0 0.0 0 0 0 0 0 0 0.0 0.0 0.0 0.0 0 0 0 0
51649 0 2507.0 336.0 1572.0 1527.0 0 0 0 0 0.0 0.0 0.0 0.0 0.0 0.0 0 0 0 0 0 0 0.0 0.0 0.0 0.0 0 0 0 0
51649 0 2414.0 366.0 1553.0 1487.0 0 0 0 0 0.0 0.0 0.0 0.0 0.0 0.0 0 0 0 0 0 0 0.0 0.0 0.0 0.0 0 0 0 0
51649 0 2419.0 324.0 1523.0 1344.0 0 0 0 0 0.0 0.0 0.0 0.0 0.0 0.0 0 0 0 0 0 0 0.0 0.0 0.0 0.0 0 0 0 0
51651 0 1542.0 371.0 1243.0 2281.0 0 0 0 0 0.0 0.0 0.0 0.0 0.0 0.0 0 0 0 0 0 0 0.0 0.0 0.0 0.0 0 0 0 0
51651 0 1593.0 382.0 1413.0 2384.0 0 0 0 0 0.0 0.0 0.0 0.0 0.0 2.0 0 0 0 0 0 0 0.0 0.0 0.0 0.0 0 0 0 0
51651 0 1697.0 355.0 1368.0 2306.0 0 0 0 0 0.0 0.0 0.0 0.0 0.0 1.0 0 0 0 0 0 0 0.0 0.0 0.0 0.0 0 0 0 0
51651 0 1706.0 436.0 1545.0 2302.0 0 0 0 0 0.0 0.0 0.0 0.0 0.0 0.0 0 0 0 0 0 0 0.0 0.0 0.0 0.0 0 0 0 0
51651 0 1779.0 342.0 1397.0 2022.0 0 0 0 0 0.0 0.0 0.0 0.0 0.0 0.0 0 0 0 0 0 0 0.0 0.0 0.0 0.0 0 0 0 0
51651 0 1811.0 328.0 1402.0 2206.0 0 0 0 0 0.0 0.0 0.0 0.0 0.0 0.0 0 0 0 0 0 0 0.0 0.0 0.0 0.0 0 0 0 0
51651 0 1915.0 403.0 1390.0 2155.0 0 0 0 0 0.0 0.0 0.0 0.0 0.0 0.0 0 0 0 0 0 0 0.0 0.0 0.0 0.0 0 0 0 0
51651 0 1927.0 360.0 1454.0 2020.0 0 0 0 0 0.0 0.0 0.0 0.0 0.0 0.0 0 0 0 0 0 0 0.0 0.0 0.0 0.0 0 0 0 0
51651 0 1886.0 330.0 1349.0 2204.0 0 0 0 0 0.0 0.0 0.0 0.0 0.0 0.0 0 0 0 0 0 0 0.0 0.0 0.0 0.0 0 0 0 0
51651 0 1790.0 383.0 1376.0 2271.0 0 0 0 0 0.0 0.0 0.0 0.0 0.0 0.0 0 0 0 0 0 0 0.0 0.0 0.0 0.0 0 0 0 0
51651 0 1850.0 388.0 1642.0 2322.0 0 0 0 0 0.0 0.0 0.0 0.0 0.0 0.0 0 0 0 0 0 0 0.0 0.0 0.0 0.0 0 0 0 0
51651 0 1871.0 330.0 1320.0 2082.0 0 0 0 0 0.0 0.0 0.0 0.0 0.0 0.0 0 0 0 0 0 0 0.0 0.0 0.0 0.0 0 0 0 0
51651 0 1861.0 363.0 1322.0 2018.0 0 0 0 0 0.0 0.0 0.0 0.0 0.0 0.0 0 0 0 0 0 0 0.0 0.0 0.0 0.0 0 0 0 0
51651 0 2008.0 408.0 1283.0 1821.0 0 0 0 0 0.0 1.0 0.0 0.0 0.0 0.0 0 0 0 0 0 0 0.0 0.0 0.0 0.0 0 0 0 0
51651 0 2011.0 364.0 1507.0 1842.0 0 0 0 0 0.0 0.0 0.0 0.0 0.0 0.0 0 0 0 0 0 0 0.0 0.0 0.0 0.0 0 0 0 0
51651 0 2086.0 364.0 1299.0 1892.0 0 0 0 0 0.0 0.0 1.0 0.0 0.0 0.0 0 0 0 0 0 0 0.0 0.0 0.0 0.0 0 0 0 0
51651 0 2205.0 391.0 1363.0 1847.0 0 0 0 0 0.0 0.0 0.0 0.0 0.0 0.0 0 0 0 0 0 0 0.0 0.0 0.0 0.0 0 0 0 0
51651 0 2245.0 333.0 1400.0 1769.0 0 0 0 0 0.0 0.0 0.0 0.0 0.0 0.0 0 0 0 0 0 0 0.0 0.0 0.0 0.0 0 0 0 0
51651 0 2110.0 381.0 1621.0 1872.0 0 0 0 0 0.0 2.0 0.0 0.0 0.0 0.0 0 0 0 0 0 0 0.0 0.0 0.0 0.0 0 0 0 0
51651 0 2116.0 384.0 1536.0 1728.0 0 0 0 0 0.0 0.0 0.0 0.0 0.0 0.0 0 0 0 0 0 0 0.0 0.0 0.0 0.0 0 0 0 0
51651 0 2166.0 318.0 1366.0 1791.0 0 0 0 0 0.0 0.0 0.0 0.0 0.0 0.0 0 0 0 0 0 0 0.0 0.0 0.0 0.0 0 0 0 0
51651 0 2173.0 400.0 1366.0 1711.0 0 0 0 0 0.0 0.0 0.0 0.0 0.0 0.0 0 0 0 0 0 0 0.0 0.0 0.0 0.0 0 0 0 0
51651 0 2102.0 369.0 1272.0 1786.0 0 0 0 0 1.0 0.0 0.0 0.0 0.0 0.0 0 0 0 0 0 0 0.0 0.0 0.0 0.0 0 0 0 0
51651 0 2183.0 368.0 1372.0 1607.0 0 0 0 0 0.0 0.0 0.0 0.0 0.0 0.0 0 0 0 0 0 0 0.0 0.0 0.0 0.0 0 0 0 0
51651 0 2093.0 370.0 1297.0 1690.0 0 0 0 0 0.0 0.0 0.0 0.0 0.0 0.0 0 0 0 0 0 0 0.0 0.0 0.0 0.0 0 0 0 0
51651 0 2204.0 364.0 1484.0 1519.0 0 0 0 0 0.0 0.0 0.0 0.0 0.0 1.0 0 0 0 0 0 0 0.0 0.0 0.0 0.0 0 0 0 0
51651 0 2087.0 428.0 1445.0 1747.0 0 0 0 0 0.0 0.0 0.0 0.0 0.0 0.0 0 0 0 0 0 0 0.0 0.0 0.0 0.0 0 0 0 0
51651 0 2044.0 377.0 1535.0 1899.0 0 0 0 0 0.0 0.0 0.0 0.0 0.0 0.0 0 0 0 0 0 0 0.0 0.0 0.0 0.0 0 0 0 0
51651 0 2002.0 362.0 1420.0 2026.0 0 0 0 0 0.0 0.0 0.0 0.0 0.0 0.0 0 0 0 0 0 0 0.0 0.0 0.0 0.0 0 0 0 0
51651 0 1976.0 399.0 1363.0 1961.0 0 0 0 0 0.0 0.0 0.0 0.0 0.0 0.0 0 0 0 0 0 0 0.0 0.0 0.0 0.0 0 0 0 0
51651 0 2132.0 339.0 1507.0 2018.0 0 0 0 0 0.0 0.0 0.0 0.0 0.0 0.0 0 0 0 0 0 0 0.0 0.0 0.0 0.0 0 0 0 0
51651 0 2093.0 369.0 1553.0 1999.0 0 0 0 0 0.0 0.0 0.0 0.0 0.0 0.0 0 0 0 0 0 0 0.0 0.0 0.0 0.0 0 0 0 0
51651 0 2259.0 344.0 1495.0 1862.0 0 0 0 0 0.0 0.0 0.0 0.0 0.0 0.0 0 0 0 0 0 0 0.0 0.0 0.0 0.0 0 0 0 0
51651 0 2288.0 398.0 1601.0 1848.0 0 0 0 0 0.0 0.0 0.0 0.0 0.0 0.0 0 0 0 0 0 0 0.0 0.0 0.0 0.0 0 0 0 0
51651 0 2232.0 376.0 1407.0 1627.0 0 0 0 0 0.0 0.0 0.0 0.0 0.0 0.0 0 0 0 0 0 0 0.0 0.0 0.0 0.0 0 0 0 0
51651 0 2354.0 341.0 1529.0 1598.0 0 0 0 0 0.0 0.0 0.0 0.0 0.0 0.0 0 0 0 0 0 0 0.0 0.0 0.0 0.0 0 0 0 0
51651 0 2363.0 329.0 1342.0 1743.0 0 0 0 0 0.0 0.0 0.0 0.0 0.0 0.0 0 0 0 0 0 0 0.0 0.0 0.0 0.0 0 0 0 0
51651 0 2373.0 405.0 1408.0 1757.0 0 0 0 0 0.0 0.0 0.0 0.0 0.0 0.0 0 0 0 0 0 0 0.0 0.0 0.0 0.0 0 0 0 0
51651 0 2302.0 391.0 1560.0 1749.0 0 0 0 0 0.0 0.0 0.0 0.0 0.0 0.0 0 0 0 0 0 0 0.0 0.0 0.0 0.0 0 0 0 0
51651 0 2174.0 348.0 1297.0 1812.0 0 0 0 0 0.0 0.0 0.0 0.0 0.0 0.0 0 0 0 0 0 0 0.0 0.0 0.0 0.0 0 0 0 0
51651 0 2249.0 397.0 1327.0 1806.0 0 0 0 0 0.0 0.0 0.0 0.0 0.0 0.0 0 0 0 0 0 0 0.0 0.0 0.0 0.0 0 0 0 0
51651 0 2173.0 353.0 1569.0 1760.0 0 0 0 0 0.0 0.0 0.0 0.0 0.0 0.0 0 0 0 0 0 0 0.0 0.0 0.0 0.0 0 0 0 0
51651 0 2251.0 372.0 1382.0 1671.0 0 0 0 0 0.0 0.0 0.0 0.0 0.0 0.0 0 0 0 0 0 0 0.0 0.0 0.0 0.0 0 0 0 0
51651 0 2367.0 393.0 1524.0 1561.0 0 0 0 0 0.0 0.0 0.0 0.0 0.0 0.0 0 0 0 0 0 0 0.0 0.0 0.0 0.0 0 0 0 0
51651 0 2365.0 399.0 1425.0 1778.0 0 0 0 0 0.0 0.0 0.0 0.0 0.0 0.0 0 0 0 0 0 0 0.0 0.0 0.0 0.0 0 0 0 0
51651 0 2295.0 427.0 1299.0 1768.0 0 0 0 0 0.0 0.0 0.0 0.0 0.0 0.0 0 0 0 0 0 0 0.0 0.0 0.0 0.0 0 0 0 0
51651 0 2208.0 380.0 1536.0 1799.0 0 0 0 0 0.0 0.0 0.0 0.0 0.0 0.0 0 0 0 0 0 0 0.0 0.0 0.0 0.0 0 0 0 0
51651 0 2264.0 381.0 1189.0 1679.0 0 0 0 0 0.0 0.0 0.0 0.0 0.0 0.0 0 0 0 0 0 0 0.0 0.0 0.0 0.0 0 0 0 0
51651 0 2123.0 369.0 1556.0 1681.0 0 0 0 0 0.0 0.0 0.0 0.0 0.0 0.0 0 0 0 0 0 0 0.0 0.0 0.0 0.0 0 0 0 0
51651 0 2242.0 365.0 1443.0 1870.0 0 0 0 0 0.0 0.0 0.0 0.0 0.0 1.0 0 0 0 0 0 0 0.0 0.0 0.0 0.0 0 0 0 0
51651 0 2285.0 414.0 1435.0 1725.0 0 0 0 0 0.0 0.0 0.0 0.0 0.0 0.0 0 0 0 0 0 0 0.0 0.0 0.0 0.0 0 0 0 0
51651 0 2167.0 379.0 1515.0 1575.0 0 0 0 0 0.0 1.0 0.0 0.0 0.0 1.0 0 0 0 0 0 0 0.0 0.0 0.0 0.0 0 0 0 0
51651 0 2137.0 373.0 1513.0 1746.0 0 0 0 0 0.0 0.0 0.0 0.0 0.0 0.0 0 0 0 0 0 0 0.0 0.0 0.0 0.0 0 0 0 0
51651 0 2076.0 377.0 1609.0 1948.0 0 0 0 0 0.0 0.0 0.0 0.0 0.0 0.0 0 0 0 0 0 0 0.0 0.0 0.0 0.0 0 0 0 0
51651 0 1963.0 383.0 1404.0 1943.0 0 0 0 0 0.0 0.0 0.0 0.0 0.0 0.0 0 0 0 0 0 0 0.0 0.0 0.0 0.0 0 0 0 0
51651 0 1878.0 399.0 1727.0 2172.0 0 0 0 0 0.0 0.0 0.0 0.0 0.0 0.0 0 0 0 0 0 0 0.0 0.0 0.0 0.0 0 0 0 0
51651 0 1696.0 381.0 1331.0 2490.0 0 0 0 0 0.0 0.0 0.0 0.0 0.0 0.0 0 0 0 0 0 0 0.0 0.0 0.0 0.0 0 0 0 0
51651 0 1415.0 418.0 1583.0 2590.0 0 0 0 0 0.0 0.0 0.0 0.0 0.0 0.0 0 0 0 0 0 0 0.0 0.0 0.0 0.0 0 0 0 0
51651 0 1664.0 400.0 1367.0 2264.0 0 0 0 0 0.0 0.0 0.0 0.0 0.0 0.0 0 0 0 0 0 0 0.0 0.0 0.0 0.0 0 0 0 0
51651 0 1465.0 386.0 1321.0 2351.0 0 0 0 0 0.0 0.0 0.0 0.0 0.0 0.0 0 0 0 0 0 0 0.0 0.0 0.0 0.0 0 0 0 0
51651 0 1635.0 368.0 1340.0 2203.0 0 0 0 0 0.0 0.0 0.0 0.0 0.0 0.0 0 0 0 0 0 0 0.0 0.0 0.0 0.0 0 0 0 0
51651 0 1629.0 373.0 1483.0 2370.0 0 0 0 0 0.0 0.0 0.0 0.0 0.0 0.0 0 0 0 0 0 0 0.0 0.0 0.0 0.0 0 0 0 0
51651 0 1613.0 363.0 1426.0 2397.0 0 0 0 0 0.0 0.0 0.0 0.0 0.0 0.0 0 0 0 0 0 0 0.0 0.0 0.0 0.0 0 0 0 0
51651 0 1703.0 343.0 1677.0 2455.0 0 0 0 0 0.0 0.0 0.0 0.0 0.0 0.0 0 0 0 0 0 0 0.0 0.0 0.0 0.0 0 0 0 0
51651 0 1475.0 341.0 1596.0 2343.0 0 0 0 0 0.0 0.0 0.0 0.0 0.0 0.0 0 0 0 0 0 0 0.0 0.0 0.0 0.0 0 0 0 0
51651 0 1713.0 386.0 1543.0 2306.0 0 0 0 0 0.0 0.0 0.0 0.0 0.0 0.0 0 0 0 0 0 0 0.0 0.0 0.0 0.0 0 0 0 0
51651 0 1702.0 410.0 1349.0 2610.0 0 0 0 0 0.0 0.0 0.0 0.0 0.0 0.0 0 0 0 0 0 0 0.0 0.0 0.0 0.0 0 0 0 0
51651 0 1611.0 355.0 1512.0 2284.0 0 0 0 0 0.0 0.0 0.0 0.0 0.0 0.0 0 0 0 0 0 0 0.0 0.0 0.0 0.0 0 0 0 0
51651 0 1624.0 365.0 1545.0 2630.0 0 0 0 0 0.0 0.0 0.0 0.0 0.0 0.0 0 0 0 0 0 0 0.0 0.0 0.0 0.0 0 0 0 0
51651 0 1571.0 373.0 1660.0 2360.0 0 0 0 0 0.0 0.0 0.0 0.0 0.0 0.0 0 0 0 0 0 0 0.0 0.0 0.0 0.0 0 0 0 0
51651 0 1608.0 356.0 1520.0 2369.0 0 0 0 0 0.0 0.0 0.0 0.0 0.0 0.0 0 0 0 0 0 0 0.0 0.0 0.0 0.0 0 0 0 0
51651 0 1561.0 363.0 1322.0 2502.0 0 0 0 0 0.0 0.0 0.0 0.0 0.0 0.0 0 0 0 0 0 0 0.0 0.0 0.0 0.0 0 0 0 0
51651 0 1533.0 419.0 1534.0 2417.0 0 0 0 0 0.0 0.0 0.0 0.0 0.0 0.0 0 0 0 0 0 0 0.0 0.0 0.0 0.0 0 0 0 0
51651 0 1518.0 356.0 1613.0 2518.0 0 0 0 0 0.0 0.0 0.0 0.0 0.0 0.0 0 0 0 0 0 0 0.0 0.0 0.0 0.0 0 0 0 0
51651 0 1541.0 373.0 1359.0 2458.0 0 0 0 0 0.0 0.0 0.0 0.0 0.0 0.0 0 0 0 0 0 0 0.0 0.0 0.0 0.0 0 0 0 0
51651 0 1573.0 349.0 1576.0 2624.0 0 0 0 0 0.0 0.0 0.0 0.0 0.0 1.0 0 0 0 0 0 0 0.0 0.0 0.0 0.0 0 0 0 0
51651 0 1523.0 371.0 1373.0 2324.0 0 0 0 0 0.0 0.0 0.0 0.0 0.0 1.0 0 0 0 0 0 0 0.0 0.0 0.0 0.0 0 0 0 0
51651 0 1524.0 390.0 1224.0 2456.0 0 0 0 0 0.0 0.0 0.0 0.0 0.0 0.0 0 0 0 0 0 0 0.0 0.0 0.0 0.0 0 0 0 0
51651 0 1573.0 328.0 1442.0 2344.0 0 0 0 0 0.0 0.0 0.0 0.0 0.0 0.0 0 0 0 0 0 0 0.0 0.0 0.0 0.0 0 0 0 0
51651 0 1625.0 398.0 1491.0 2319.0 0 0 0 0 0.0 0.0 0.0 0.0 0.0 0.0 0 0 0 0 0 0 0.0 0.0 0.0 0.0 0 0 0 0
51651 0 1523.0 367.0 1528.0 2404.0 0 0 0 0 0.0 0.0 0.0 0.0 0.0 0.0 0 0 0 0 0 0 0.0 0.0 0.0 0.0 0 0 0 0
51651 0 1692.0 398.0 1503.0 2366.0 0 0 0 0 0.0 0.0 0.0 0.0 0.0 0.0 0 0 0 0 0 0 0.0 0.0 0.0 0.0 0 0 0 0
51651 0 1630.0 356.0 1143.0 2285.0 0 0 0 0 0.0 0.0 0.0 0.0 0.0 0.0 0 0 0 0 0 0 0.0 0.0 0.0 0.0 0 0 0 0
51651 0 1763.0 361.0 1428.0 2466.0 0 0 0 0 0.0 0.0 0.0 0.0 0.0 0.0 0 0 0 0 0 0 0.0 0.0 0.0 0.0 0 0 0 0
51651 0 1642.0 349.0 1394.0 2639.0 0 0 0 0 0.0 0.0 0.0 0.0 0.0 0.0 0 0 0 0 0 0 0.0 0.0 0.0 0.0 0 0 0 0
51651 0 1736.0 401.0 1361.0 2326.0 0 0 0 0 0.0 0.0 0.0 0.0 0.0 0.0 0 0 0 0 0 0 0.0 0.0 0.0 0.0 0 0 0 0
51651 0 1737.0 401.0 1582.0 2285.0 0 0 0 0 0.0 0.0 0.0 0.0 0.0 0.0 0 0 0 0 0 0 0.0 0.0 0.0 0.0 0 0 0 0
51651 0 1620.0 389.0 1358.0 2295.0 0 0 0 0 0.0 0.0 0.0 0.0 0.0 0.0 0 0 0 0 0 0 0.0 0.0 0.0 0.0 0 0 0 0
51651 0 1500.0 331.0 1375.0 2577.0 0 0 0 0 0.0 0.0 0.0 0.0 0.0 0.0 0 0 0 0 0 0 0.0 0.0 0.0 0.0 0 0 0 0
51651 0 1607.0 374.0 1490.0 2477.0 0 0 0 0 0.0 0.0 0.0 0.0 0.0 0.0 0 0 0 0 0 0 0.0 0.0 0.0 0.0 0 0 0 0
51651 0 1516.0 354.0 1431.0 2507.0 0 0 0 0 0.0 0.0 0.0 0.0 0.0 0.0 0 0 0 0 0 0 0.0 0.0 0.0 0.0 0 0 0 0
51651 0 1578.0 348.0 1524.0 2672.0 0 0 0 0 0.0 0.0 0.0 0.0 0.0 0.0 0 0 0 0 0 0 0.0 0.0 0.0 0.0 0 0 0 0
51651 0 1592.0 394.0 1539.0 2496.0 0 0 0 0 0.0 0.0 0.0 0.0 0.0 0.0 0 0 0 0 0 0 0.0 0.0 0.0 0.0 0 0 0 0
51651 0 1572.0 396.0 1494.0 2360.0 0 0 0 0 0.0 1.0 0.0 0.0 0.0 0.0 0 0 0 0 0 0 0.0 0.0 0.0 0.0 0 0 0 0
51651 0 1593.0 377.0 1441.0 2464.0 0 0 0 0 0.0 0.0 0.0 0.0 0.0 0.0 0 0 0 0 0 0 0.0 0.0 0.0 0.0 0 0 0 0
51651 0 1555.0 340.0 1434.0 2367.0 0 0 0 0 0.0 0.0 0.0 0.0 0.0 0.0 0 0 0 0 0 0 0.0 0.0 0.0 0.0 0 0 0 0
51651 0 1603.0 312.0 1516.0 2295.0 0 0 0 0 0.0 0.0 0.0 0.0 0.0 0.0 0 0 0 0 0 0 0.0 0.0 0.0 0.0 0 0 0 0
51651 0 1665.0 385.0 1422.0 2307.0 0 0 0 0 0.0 0.0 1.0 0.0 0.0 0.0 0 0 0 0 0 0 0.0 0.0 0.0 0.0 0 0 0 0
51651 0 1540.0 347.0 1545.0 2382.0 0 0 0 0 0.0 0.0 0.0 0.0 0.0 0.0 0 0 0 0 0 0 0.0 0.0 0.0 0.0 0 0 0 0
51651 0 1573.0 401.0 1625.0 2308.0 0 0 0 0 0.0 0.0 0.0 0.0 0.0 0.0 0 0 0 0 0 0 0.0 0.0 0.0 0.0 0 0 0 0
51653 0 2332.0 355.0 1442.0 1869.0 0 0 0 0 0.0 0.0 0.0 0.0 0.0 0.0 0 0 0 0 0 0 0.0 0.0 0.0 0.0 0 0 0 0
51653 0 2237.0 360.0 1427.0 1871.0 0 0 0 0 0.0 0.0 0.0 0.0 0.0 0.0 0 0 0 0 0 0 0.0 0.0 0.0 0.0 0 0 0 0
51653 0 2197.0 374.0 1467.0 1863.0 0 0 0 0 0.0 0.0 0.0 0.0 0.0 0.0 0 0 0 0 0 0 0.0 0.0 0.0 0.0 0 0 0 0
51653 0 2249.0 366.0 1486.0 1813.0 0 0 0 0 0.0 0.0 0.0 0.0 0.0 0.0 0 0 0 0 0 0 0.0 0.0 0.0 0.0 0 0 0 0
51653 0 2243.0 392.0 1667.0 1882.0 0 0 0 0 0.0 0.0 0.0 0.0 0.0 0.0 0 0 0 0 0 0 0.0 0.0 0.0 0.0 0 0 0 0
51653 0 2129.0 355.0 1569.0 1947.0 0 0 0 0 0.0 0.0 0.0 0.0 0.0 0.0 0 0 0 0 0 0 0.0 0.0 0.0 0.0 0 0 0 0
51653 0 2163.0 416.0 1316.0 1860.0 0 0 0 0 0.0 0.0 0.0 0.0 0.0 0.0 0 0 0 0 0 0 0.0 0.0 0.0 0.0 0 0 0 0
51653 0 2133.0 362.0 1533.0 1890.0 0 0 0 0 0.0 0.0 0.0 0.0 0.0 0.0 0 0 0 0 0 0 0.0 0.0 0.0 0.0 0 0 0 0
51653 0 2021.0 364.0 1342.0 1842.0 0 0 0 0 0.0 0.0 0.0 0.0 0.0 0.0 0 0 0 0 0 0 0.0 0.0 0.0 0.0 0 0 0 0
51653 0 2278.0 355.0 1434.0 1708.0 0 0 0 0 0.0 0.0 0.0 0.0 0.0 0.0 0 0 0 0 0 0 0.0 0.0 0.0 0.0 0 0 0 0
51653 0 2314.0 370.0 1558.0 1770.0 0 0 0 0 0.0 0.0 0.0 0.0 0.0 0.0 0 0 0 0 0 0 0.0 0.0 0.0 0.0 0 0 0 0
51653 0 2410.0 421.0 1491.0 1624.0 0 0 0 0 0.0 0.0 1.0 0.0 0.0 0.0 0 0 0 0 0 0 0.0 0.0 0.0 0.0 0 0 0 0
51653 0 2367.0 313.0 1509.0 1661.0 0 0 0 0 0.0 0.0 0.0 0.0 0.0 0.0 0 0 0 0 0 0 0.0 0.0 0.0 0.0 0 0 0 0
51653 0 2303.0 410.0 1286.0 1712.0 0 0 0 0 0.0 0.0 0.0 0.0 0.0 0.0 0 0 0 0 0 0 0.0 0.0 0.0 0.0 0 0 0 0
51653 0 2313.0 349.0 1753.0 1559.0 0 0 0 0 0.0 0.0 0.0 0.0 0.0 0.0 0 0 0 0 0 0 0.0 0.0 0.0 0.0 0 0 0 0
51653 0 2323.0 431.0 1430.0 1604.0 0 0 0 0 0.0 0.0 0.0 0.0 0.0 0.0 0 0 0 0 0 0 0.0 0.0 0.0 0.0 0 0 0 0
51653 0 2254.0 363.0 1572.0 1640.0 0 0 0 0 0.0 0.0 0.0 0.0 0.0 0.0 0 0 0 0 0 0 0.0 0.0 0.0 0.0 0 0 0 0
51653 0 2399.0 343.0 1526.0 1543.0 0 0 0 0 0.0 1.0 0.0 0.0 0.0 0.0 0 0 0 0 0 0 0.0 0.0 0.0 0.0 0 0 0 0
51653 0 2193.0 393.0 1568.0 1614.0 0 0 0 0 0.0 0.0 0.0 0.0 0.0 0.0 0 0 0 0 0 0 0.0 0.0 0.0 0.0 0 0 0 0
51653 0 2307.0 409.0 1340.0 1719.0 0 0 0 0 0.0 0.0 0.0 0.0 0.0 0.0 0 0 0 0 0 0 0.0 0.0 0.0 0.0 0 0 0 0
51653 0 2253.0 370.0 1545.0 1650.0 0 0 0 0 0.0 0.0 0.0 0.0 0.0 0.0 0 0 0 0 0 0 0.0 0.0 0.0 0.0 0 0 0 0
51653 0 2303.0 342.0 1366.0 1731.0 0 0 0 0 0.0 0.0 0.0 0.0 0.0 0.0 0 0 0 0 0 0 0.0 0.0 0.0 0.0 0 0 0 0
51653 0 2257.0 331.0 1407.0 1578.0 0 0 0 0 0.0 0.0 0.0 0.0 0.0 0.0 0 0 0 0 0 0 0.0 0.0 0.0 0.0 0 0 0 0
51653 0 2314.0 351.0 1570.0 1835.0 0 0 0 0 0.0 0.0 0.0 0.0 0.0 0.0 0 0 0 0 0 0 0.0 0.0 0.0 0.0 0 0 0 0
51653 0 2291.0 379.0 1433.0 1502.0 0 0 0 0 0.0 1.0 0.0 0.0 0.0 0.0 0 0 0 0 0 0 0.0 0.0 0.0 0.0 0 0 0 0
51653 0 2345.0 354.0 1508.0 1538.0 0 0 0 0 0.0 1.0 0.0 0.0 0.0 0.0 0 0 0 0 0 0 0.0 0.0 0.0 0.0 0 0 0 0
51653 0 2270.0 347.0 1380.0 1936.0 0 0 0 0 0.0 0.0 0.0 0.0 0.0 0.0 0 0 0 0 0 0 0.0 0.0 0.0 0.0 0 0 0 0
51653 0 2353.0 409.0 1436.0 1566.0 0 0 0 0 0.0 0.0 0.0 0.0 0.0 0.0 0 0 0 0 0 0 0.0 0.0 0.0 0.0 0 0 0 0
51653 0 2285.0 367.0 1632.0 1810.0 0 0 0 0 0.0 0.0 0.0 0.0 0.0 0.0 0 0 0 0 0 0 0.0 0.0 0.0 0.0 0 0 0 0
51653 0 2166.0 402.0 1708.0 1885.0 0 0 0 0 0.0 0.0 0.0 0.0 0.0 0.0 0 0 0 0 0 0 0.0 0.0 0.0 0.0 0 0 0 0
51653 0 2184.0 336.0 1425.0 1957.0 0 0 0 0 0.0 0.0 0.0 0.0 0.0 1.0 0 0 0 0 0 0 0.0 0.0 0.0 0.0 0 0 0 0
51653 0 2234.0 351.0 1414.0 1566.0 0 0 0 0 0.0 0.0 0.0 0.0 0.0 0.0 0 0 0 0 0 0 0.0 0.0 0.0 0.0 0 0 0 0
51653 0 2302.0 391.0 1561.0 1783.0 0 0 0 0 0.0 0.0 1.0 0.0 0.0 0.0 0 0 0 0 0 0 0.0 0.0 0.0 0.0 0 0 0 0
51653 0 2405.0 363.0 1445.0 1696.0 0 0 0 0 0.0 0.0 0.0 0.0 0.0 0.0 0 0 0 0 0 0 0.0 0.0 0.0 0.0 0 0 0 0
51653 0 2287.0 356.0 1624.0 1702.0 0 0 0 0 0.0 0.0 0.0 0.0 0.0 0.0 0 0 0 0 0 0 0.0 0.0 0.0 0.0 0 0 0 0
51653 0 2380.0 370.0 1441.0 1737.0 0 0 0 0 0.0 0.0 0.0 0.0 0.0 1.0 0 0 0 0 0 0 0.0 0.0 0.0 0.0 0 0 0 0
51653 0 2369.0 327.0 1469.0 1779.0 0 0 0 0 0.0 0.0 0.0 0.0 0.0 0.0 0 0 0 0 0 0 0.0 0.0 0.0 0.0 0 0 0 0
51653 0 2281.0 413.0 1497.0 1573.0 0 0 0 0 0.0 0.0 0.0 0.0 0.0 1.0 0 0 0 0 0 0 0.0 0.0 0.0 0.0 0 0 0 0
51653 0 2249.0 380.0 1597.0 1658.0 0 0 0 0 0.0 0.0 0.0 0.0 0.0 0.0 0 0 0 0 0 0 0.0 0.0 0.0 0.0 0 0 0 0
51653 0 2291.0 378.0 1444.0 1580.0 0 0 0 0 0.0 0.0 0.0 0.0 0.0 0.0 0 0 0 0 0 0 0.0 0.0 0.0 0.0 0 0 0 0
51653 0 2337.0 392.0 1543.0 1636.0 0 0 0 0 0.0 0.0 0.0 0.0 0.0 0.0 0 0 0 0 0 0 0.0 0.0 0.0 0.0 0 0 0 0
51653 0 2209.0 370.0 1451.0 1511.0 0 0 0 0 0.0 0.0 0.0 0.0 0.0 0.0 0 0 0 0 0 0 0.0 0.0 0.0 0.0 0 0 0 0
51653 0 2407.0 401.0 1499.0 1527.0 0 0 0 0 0.0 0.0 1.0 0.0 0.0 0.0 0 0 0 0 0 0 0.0 0.0 0.0 0.0 0 0 0 0
51653 0 2441.0 385.0 1379.0 1669.0 0 0 0 0 0.0 0.0 0.0 0.0 0.0 0.0 0 0 0 0 0 0 0.0 0.0 0.0 0.0 0 0 0 0
51653 0 2276.0 365.0 1654.0 1563.0 0 0 0 0 0.0 0.0 0.0 0.0 0.0 0.0 0 0 0 0 0 0 0.0 0.0 0.0 0.0 0 0 0 0
51653 0 2375.0 435.0 1609.0 1841.0 0 0 0 0 0.0 0.0 0.0 0.0 0.0 0.0 0 0 0 0 0 0 0.0 0.0 0.0 0.0 0 0 0 0
51653 0 2266.0 410.0 1337.0 1775.0 0 0 0 0 0.0 0.0 1.0 0.0 0.0 1.0 0 0 0 0 0 0 0.0 0.0 0.0 0.0 0 0 0 0
51653 0 2254.0 332.0 1485.0 1745.0 0 0 0 0 0.0 0.0 0.0 0.0 0.0 0.0 0 0 0 0 0 0 0.0 0.0 0.0 0.0 0 0 0 0
51653 0 2421.0 340.0 1497.0 1628.0 0 0 0 0 0.0 0.0 0.0 0.0 0.0 0.0 0 0 0 0 0 0 0.0 0.0 0.0 0.0 0 0 0 0
51653 0 2302.0 407.0 1481.0 1682.0 0 0 0 0 0.0 0.0 0.0 0.0 0.0 0.0 0 0 0 0 0 0 0.0 0.0 0.0 0.0 0 0 0 0
51653 0 2429.0 400.0 1489.0 1589.0 0 0 0 0 0.0 0.0 0.0 0.0 0.0 0.0 0 0 0 0 0 0 0.0 0.0 0.0 0.0 0 0 0 0
51653 0 2389.0 415.0 1446.0 1786.0 0 0 0 0 0.0 0.0 0.0 0.0 0.0 0.0 0 0 0 0 0 0 0.0 0.0 0.0 0.0 0 0 0 0
51653 0 2256.0 377.0 1598.0 1595.0 0 0 0 0 0.0 0.0 0.0 0.0 0.0 0.0 0 0 0 0 0 0 0.0 0.0 0.0 0.0 0 0 0 0
51653 0 2368.0 359.0 1414.0 1672.0 0 0 0 0 0.0 0.0 0.0 0.0 0.0 0.0 0 0 0 0 0 0 0.0 0.0 0.0 0.0 0 0 0 0
51653 0 2418.0 426.0 1340.0 1733.0 0 0 0 0 0.0 0.0 0.0 0.0 0.0 0.0 0 0 0 0 0 0 0.0 0.0 0.0 0.0 0 0 0 0
51653 0 2408.0 383.0 1424.0 1641.0 0 0 0 0 0.0 0.0 0.0 0.0 0.0 0.0 0 0 0 0 0 0 0.0 0.0 0.0 0.0 0 0 0 0
51653 0 2396.0 398.0 1660.0 1521.0 0 0 0 0 0.0 2.0 1.0 0.0 0.0 0.0 0 0 0 0 0 0 0.0 0.0 0.0 0.0 0 0 0 0
51653 0 2099.0 322.0 1269.0 1906.0 0 0 0 0 0.0 0.0 0.0 0.0 0.0 0.0 0 0 0 0 0 0 0.0 0.0 0.0 0.0 0 0 0 0
51653 0 2184.0 381.0 1517.0 2062.0 0 0 0 0 0.0 1.0 0.0 0.0 0.0 0.0 0 0 0 0 0 0 0.0 0.0 0.0 0.0 0 0 0 0
51653 0 2124.0 438.0 1375.0 1986.0 0 0 0 0 0.0 0.0 0.0 0.0 0.0 0.0 0 0 0 0 0 0 0.0 0.0 0.0 0.0 0 0 0 0
51653 0 1888.0 343.0 1575.0 2239.0 0 0 0 0 0.0 0.0 0.0 0.0 0.0 0.0 0 0 0 0 0 0 0.0 0.0 0.0 0.0 0 0 0 0
51653 0 1957.0 384.0 1562.0 2173.0 0 0 0 0 0.0 0.0 0.0 0.0 0.0 0.0 0 0 0 0 0 0 0.0 0.0 0.0 0.0 0 0 0 0
51653 0 2001.0 395.0 1560.0 2089.0 0 0 0 0 0.0 0.0 0.0 0.0 0.0 0.0 0 0 0 0 0 0 0.0 0.0 0.0 0.0 0 0 0 0
51653 0 1900.0 396.0 1226.0 1935.0 0 0 0 0 0.0 0.0 0.0 0.0 0.0 0.0 0 0 0 0 0 0 0.0 0.0 0.0 0.0 0 0 0 0
51653 0 1882.0 396.0 1562.0 2128.0 0 0 0 0 0.0 0.0 0.0 0.0 0.0 1.0 0 0 0 0 0 0 0.0 0.0 0.0 0.0 0 0 0 0
51653 0 1943.0 373.0 1522.0 2216.0 0 0 0 0 0.0 0.0 0.0 0.0 0.0 0.0 0 0 0 0 0 0 0.0 0.0 0.0 0.0 0 0 0 0
51653 0 1839.0 372.0 1446.0 2273.0 0 0 0 0 0.0 0.0 0.0 0.0 0.0 0.0 0 0 0 0 0 0 0.0 0.0 0.0 0.0 0 0 0 0
51653 0 1784.0 352.0 1456.0 2344.0 0 0 0 0 0.0 0.0 0.0 0.0 0.0 0.0 0 0 0 0 0 0 0.0 0.0 0.0 0.0 0 0 0 0
51653 0 1727.0 409.0 1519.0 2318.0 0 0 0 0 0.0 1.0 0.0 0.0 0.0 0.0 0 0 0 0 0 0 0.0 0.0 0.0 0.0 0 0 0 0
51653 0 1735.0 346.0 1607.0 2216.0 0 0 0 0 0.0 0.0 1.0 0.0 0.0 0.0 0 0 0 0 0 0 0.0 0.0 0.0 0.0 0 0 0 0
51653 0 1635.0 363.0 1382.0 2359.0 0 0 0 0 0.0 0.0 0.0 0.0 0.0 0.0 0 0 0 0 0 0 0.0 0.0 0.0 0.0 0 0 0 0
51653 0 1553.0 412.0 1497.0 2382.0 0 0 0 0 0.0 0.0 1.0 0.0 0.0 0.0 0 0 0 0 0 0 0.0 0.0 0.0 0.0 0 0 0 0
51653 0 1648.0 370.0 1552.0 2276.0 0 0 0 0 0.0 0.0 1.0 0.0 0.0 0.0 0 0 0 0 0 0 0.0 0.0 0.0 0.0 0 0 0 0
51653 0 1736.0 381.0 1504.0 2511.0 0 0 0 0 0.0 1.0 0.0 0.0 0.0 0.0 0 0 0 0 0 0 0.0 0.0 0.0 0.0 0 0 0 0
51653 0 1658.0 318.0 1454.0 2232.0 0 0 0 0 0.0 0.0 0.0 0.0 0.0 0.0 0 0 0 0 0 0 0.0 0.0 0.0 0.0 0 0 0 0
51653 0 1699.0 358.0 1517.0 2403.0 0 0 0 0 0.0 0.0 0.0 0.0 0.0 0.0 0 0 0 0 0 0 0.0 0.0 0.0 0.0 0 0 0 0
51653 0 1620.0 345.0 1304.0 2500.0 0 0 0 0 0.0 0.0 0.0 0.0 0.0 0.0 0 0 0 0 0 0 0.0 0.0 0.0 0.0 0 0 0 0
51653 0 1801.0 393.0 1377.0 2324.0 0 0 0 0 0.0 0.0 0.0 0.0 0.0 1.0 0 0 0 0 0 0 0.0 0.0 0.0 0.0 0 0 0 0
51653 0 1904.0 354.0 1458.0 2006.0 0 0 0 0 0.0 0.0 0.0 0.0 0.0 0.0 0 0 0 0 0 0 0.0 0.0 0.0 0.0 0 0 0 0
51653 0 1744.0 417.0 1450.0 2310.0 0 0 0 0 0.0 0.0 0.0 0.0 0.0 0.0 0 0 0 0 0 0 0.0 0.0 0.0 0.0 0 0 0 0
51653 0 1766.0 388.0 1321.0 2187.0 0 0 0 0 0.0 0.0 0.0 0.0 0.0 0.0 0 0 0 0 0 0 0.0 0.0 0.0 0.0 0 0 0 0
51653 0 1644.0 397.0 1400.0 2118.0 0 0 0 0 0.0 0.0 0.0 0.0 0.0 0.0 0 0 0 0 0 0 0.0 0.0 0.0 0.0 0 0 0 0
51653 0 1845.0 372.0 1422.0 2357.0 0 0 0 0 0.0 0.0 0.0 0.0 0.0 0.0 0 0 0 0 0 0 0.0 0.0 0.0 0.0 0 0 0 0
51653 0 1695.0 376.0 1386.0 2501.0 0 0 0 0 0.0 0.0 0.0 0.0 0.0 0.0 0 0 0 0 0 0 0.0 0.0 0.0 0.0 0 0 0 0
51653 0 1672.0 373.0 1525.0 2233.0 0 0 0 0 0.0 0.0 0.0 0.0 0.0 0.0 0 0 0 0 0 0 0.0 0.0 0.0 0.0 0 0 0 0
51653 0 1681.0 421.0 1564.0 2477.0 0 0 0 0 0.0 0.0 0.0 0.0 0.0 0.0 0 0 0 0 0 0 0.0 0.0 0.0 0.0 0 0 0 0
51653 0 1631.0 397.0 1512.0 2394.0 0 0 0 0 0.0 0.0 0.0 0.0 0.0 0.0 0 0 0 0 0 0 0.0 0.0 0.0 0.0 0 0 0 0
51653 0 1607.0 383.0 1485.0 2325.0 0 0 0 0 0.0 0.0 0.0 0.0 0.0 0.0 0 0 0 0 0 0 0.0 0.0 0.0 0.0 0 0 0 0
51653 0 1763.0 382.0 1381.0 2129.0 0 0 0 0 0.0 0.0 0.0 0.0 0.0 0.0 0 0 0 0 0 0 0.0 0.0 0.0 0.0 0 0 0 0
51653 0 1821.0 409.0 1413.0 2081.0 0 0 0 0 0.0 0.0 0.0 0.0 0.0 0.0 0 0 0 0 0 0 0.0 0.0 0.0 0.0 0 0 0 0
51653 0 1950.0 394.0 1433.0 1956.0 0 0 0 0 0.0 0.0 0.0 0.0 0.0 0.0 0 0 0 0 0 0 0.0 0.0 0.0 0.0 0 0 0 0
51653 0 2073.0 392.0 1528.0 1912.0 0 0 0 0 0.0 0.0 1.0 0.0 0.0 0.0 0 0 0 0 0 0 0.0 0.0 0.0 0.0 0 0 0 0
51653 0 2184.0 383.0 1560.0 1809.0 0 0 0 0 0.0 0.0 0.0 0.0 0.0 0.0 0 0 0 0 0 0 0.0 0.0 0.0 0.0 0 0 0 0
51653 0 2358.0 390.0 1587.0 1952.0 0 0 0 0 0.0 0.0 1.0 0.0 0.0 0.0 0 0 0 0 0 0 0.0 0.0 0.0 0.0 0 0 0 0
51653 0 2294.0 328.0 1323.0 1712.0 0 0 0 0 0.0 0.0 0.0 0.0 0.0 0.0 0 0 0 0 0 0 0.0 0.0 0.0 0.0 0 0 0 0
51653 0 2561.0 385.0 1558.0 1507.0 0 0 0 0 0.0 0.0 0.0 0.0 0.0 0.0 0 0 0 0 0 0 0.0 0.0 0.0 0.0 0 0 0 0
51653 0 2299.0 423.0 1414.0 1506.0 0 0 0 0 0.0 0.0 3.0 0.0 0.0 0.0 0 0 0 0 0 0 0.0 0.0 0.0 0.0 0 0 0 0
51653 0 2336.0 332.0 1522.0 1714.0 0 0 0 0 0.0 0.0 0.0 0.0 0.0 0.0 0 0 0 0 0 0 0.0 0.0 0.0 0.0 0 0 0 0
51653 0 2414.0 380.0 1469.0 1618.0 0 0 0 0 0.0 0.0 0.0 0.0 0.0 0.0 0 0 0 0 0 0 0.0 0.0 0.0 0.0 0 0 0 0
51653 0 2373.0 385.0 1507.0 1603.0 0 0 0 0 0.0 0.0 0.0 0.0 0.0 0.0 0 0 0 0 0 0 0.0 0.0 0.0 0.0 0 0 0 0
51655 0 2157.0 466.0 1332.0 1582.0 0 0 0 0 0.0 0.0 0.0 0.0 0.0 0.0 0 0 0 0 0 0 0.0 0.0 0.0 0.0 0 0 0 0
51655 0 2287.0 352.0 1482.0 1836.0 0 0 0 0 0.0 0.0 0.0 0.0 0.0 0.0 0 0 0 0 0 0 0.0 0.0 0.0 0.0 0 0 0 0
51655 0 2274.0 355.0 1407.0 1664.0 0 0 0 0 0.0 0.0 0.0 0.0 0.0 0.0 0 0 0 0 0 0 0.0 0.0 0.0 0.0 0 0 0 0
51655 0 2330.0 360.0 1430.0 1723.0 0 0 0 0 0.0 0.0 0.0 0.0 0.0 0.0 0 0 0 0 0 0 0.0 0.0 0.0 0.0 0 0 0 0
51655 0 2315.0 347.0 1485.0 1887.0 0 0 0 0 0.0 0.0 0.0 0.0 0.0 0.0 0 0 0 0 0 0 0.0 0.0 0.0 0.0 0 0 0 0
51655 0 2293.0 375.0 1464.0 1669.0 0 0 0 0 0.0 1.0 0.0 0.0 0.0 0.0 0 0 0 0 0 0 0.0 0.0 0.0 0.0 0 0 0 0
51655 0 2224.0 378.0 1387.0 1759.0 0 0 0 0 0.0 0.0 0.0 0.0 0.0 0.0 0 0 0 0 0 0 0.0 0.0 0.0 0.0 0 0 0 0
51655 0 2190.0 387.0 1460.0 1792.0 0 0 0 0 0.0 0.0 0.0 0.0 0.0 0.0 0 0 0 0 0 0 0.0 0.0 0.0 0.0 0 0 0 0
51655 0 1973.0 398.0 1392.0 2029.0 0 0 0 0 0.0 0.0 0.0 0.0 0.0 0.0 0 0 0 0 0 0 0.0 0.0 0.0 0.0 0 0 0 0
51655 0 1883.0 337.0 1294.0 2000.0 0 0 0 0 0.0 0.0 0.0 0.0 0.0 0.0 0 0 0 0 0 0 0.0 0.0 0.0 0.0 0 0 0 0
51655 0 1784.0 368.0 1489.0 2140.0 0 0 0 0 0.0 0.0 0.0 0.0 0.0 0.0 0 0 0 0 0 0 0.0 0.0 0.0 0.0 0 0 0 0
51655 0 1845.0 344.0 1591.0 2351.0 0 0 0 0 0.0 1.0 0.0 0.0 0.0 0.0 0 0 0 0 0 0 0.0 0.0 0.0 0.0 0 0 0 0
51655 0 1891.0 382.0 1615.0 2116.0 0 0 0 0 0.0 0.0 0.0 0.0 0.0 1.0 0 0 0 0 0 0 0.0 0.0 0.0 0.0 0 0 0 0
51655 0 1977.0 406.0 1705.0 2206.0 0 0 0 0 0.0 0.0 0.0 0.0 0.0 1.0 0 0 0 0 0 0 0.0 0.0 0.0 0.0 0 0 0 0
51655 0 1971.0 382.0 1444.0 2071.0 0 0 0 0 0.0 0.0 0.0 0.0 0.0 0.0 0 0 0 0 0 0 0.0 0.0 0.0 0.0 0 0 0 0
51655 0 1814.0 356.0 1489.0 2178.0 0 0 0 0 0.0 0.0 0.0 0.0 0.0 0.0 0 0 0 0 0 0 0.0 0.0 0.0 0.0 0 0 0 0
51655 0 1747.0 406.0 1500.0 2300.0 0 0 0 0 0.0 0.0 1.0 0.0 0.0 0.0 0 0 0 0 0 0 0.0 0.0 0.0 0.0 0 0 0 0
51655 0 1735.0 358.0 1472.0 2162.0 0 0 0 0 0.0 0.0 0.0 0.0 0.0 0.0 0 0 0 0 0 0 0.0 0.0 0.0 0.0 0 0 0 0
51655 0 1727.0 435.0 1436.0 2262.0 0 0 0 0 0.0 0.0 0.0 0.0 0.0 0.0 0 0 0 0 0 0 0.0 0.0 0.0 0.0 0 0 0 0
51655 0 1797.0 364.0 1534.0 2097.0 0 0 0 0 0.0 0.0 0.0 0.0 0.0 0.0 0 0 0 0 0 0 0.0 0.0 0.0 0.0 0 0 0 0
51655 0 1908.0 385.0 1425.0 2286.0 0 0 0 0 0.0 0.0 0.0 0.0 0.0 0.0 0 0 0 0 0 0 0.0 0.0 0.0 0.0 0 0 0 0
51655 0 1941.0 386.0 1426.0 2158.0 0 0 0 0 0.0 0.0 0.0 0.0 0.0 0.0 0 0 0 0 0 0 0.0 0.0 0.0 0.0 0 0 0 0
51655 0 1929.0 318.0 1381.0 2190.0 0 0 0 0 0.0 0.0 0.0 0.0 0.0 0.0 0 0 0 0 0 0 0.0 0.0 0.0 0.0 0 0 0 0
51655 0 1795.0 326.0 1533.0 2557.0 0 0 0 0 0.0 0.0 0.0 0.0 0.0 0.0 0 0 0 0 0 0 0.0 0.0 0.0 0.0 0 0 0 0
51655 0 1888.0 371.0 1395.0 2133.0 0 0 0 0 0.0 0.0 0.0 0.0 0.0 0.0 0 0 0 0 0 0 0.0 0.0 0.0 0.0 0 0 0 0
51655 0 1736.0 380.0 1371.0 2244.0 0 0 0 0 0.0 0.0 0.0 0.0 0.0 0.0 0 0 0 0 0 0 0.0 0.0 0.0 0.0 0 0 0 0
51655 0 1879.0 402.0 1493.0 1871.0 0 0 0 0 0.0 1.0 0.0 0.0 0.0 0.0 0 0 0 0 0 0 0.0 0.0 0.0 0.0 0 0 0 0
51655 0 1852.0 332.0 1471.0 2190.0 0 0 0 0 0.0 0.0 0.0 0.0 0.0 0.0 0 0 0 0 0 0 0.0 0.0 0.0 0.0 0 0 0 0
51655 0 1958.0 369.0 1482.0 2102.0 0 0 0 0 0.0 0.0 0.0 0.0 0.0 0.0 0 0 0 0 0 0 0.0 0.0 0.0 0.0 0 0 0 0
51655 0 2022.0 381.0 1395.0 1919.0 0 0 0 0 0.0 0.0 0.0 0.0 0.0 1.0 0 0 0 0 0 0 0.0 0.0 0.0 0.0 0 0 0 0
51655 0 2209.0 410.0 1598.0 1663.0 0 0 0 0 0.0 0.0 0.0 0.0 0.0 0.0 0 0 0 0 0 0 0.0 0.0 0.0 0.0 0 0 0 0
51655 0 2204.0 329.0 1392.0 1794.0 0 0 0 0 0.0 0.0 0.0 0.0 0.0 0.0 0 0 0 0 0 0 0.0 0.0 0.0 0.0 0 0 0 0
51655 0 2179.0 381.0 1479.0 1776.0 0 0 0 0 0.0 1.0 0.0 0.0 0.0 1.0 0 0 0 0 0 0 0.0 0.0 0.0 0.0 0 0 0 0
51655 0 2136.0 384.0 1495.0 1603.0 0 0 0 0 0.0 0.0 0.0 0.0 0.0 0.0 0 0 0 0 0 0 0.0 0.0 0.0 0.0 0 0 0 0
51655 0 2192.0 405.0 1367.0 1843.0 0 0 0 0 0.0 0.0 0.0 0.0 0.0 0.0 0 0 0 0 0 0 0.0 0.0 0.0 0.0 0 0 0 0
51655 0 2210.0 344.0 1491.0 1756.0 0 0 0 0 0.0 0.0 0.0 0.0 0.0 0.0 0 0 0 0 0 0 0.0 0.0 0.0 0.0 0 0 0 0
51655 0 2261.0 345.0 1377.0 1591.0 0 0 0 0 0.0 0.0 0.0 0.0 0.0 0.0 0 0 0 0 0 0 0.0 0.0 0.0 0.0 0 0 0 0
51655 0 2172.0 394.0 1536.0 1657.0 0 0 0 0 0.0 0.0 0.0 0.0 0.0 0.0 0 0 0 0 0 0 0.0 0.0 0.0 0.0 0 0 0 0
51655 0 2377.0 404.0 1495.0 1672.0 0 0 0 0 0.0 0.0 0.0 0.0 0.0 0.0 0 0 0 0 0 0 0.0 0.0 0.0 0.0 0 0 0 0
51655 0 2361.0 345.0 1538.0 1729.0 0 0 0 0 0.0 0.0 0.0 0.0 0.0 0.0 0 0 0 0 0 0 0.0 0.0 0.0 0.0 0 0 0 0
51655 0 2222.0 386.0 1382.0 1606.0 0 0 0 0 0.0 0.0 0.0 0.0 0.0 0.0 0 0 0 0 0 0 0.0 0.0 0.0 0.0 0 0 0 0
51655 0 2198.0 383.0 1582.0 1824.0 0 0 0 0 0.0 0.0 0.0 0.0 0.0 0.0 0 0 0 0 0 0 0.0 0.0 0.0 0.0 0 0 0 0
51655 0 2129.0 410.0 1267.0 1866.0 0 0 0 0 0.0 0.0 0.0 0.0 0.0 0.0 0 0 0 0 0 0 0.0 0.0 0.0 0.0 0 0 0 0
51655 0 2340.0 378.0 1419.0 1773.0 0 0 0 0 0.0 1.0 0.0 0.0 0.0 1.0 0 0 0 0 0 0 0.0 0.0 0.0 0.0 0 0 0 0
51655 0 2325.0 315.0 1408.0 1721.0 0 0 0 0 0.0 0.0 0.0 0.0 0.0 1.0 0 0 0 0 0 0 0.0 0.0 0.0 0.0 0 0 0 0
51655 0 2036.0 400.0 1477.0 2012.0 0 0 0 0 0.0 0.0 0.0 0.0 0.0 0.0 0 0 0 0 0 0 0.0 0.0 0.0 0.0 0 0 0 0
51655 0 2010.0 372.0 1378.0 1918.0 0 0 0 0 0.0 0.0 0.0 0.0 0.0 0.0 0 0 0 0 0 0 0.0 0.0 0.0 0.0 0 0 0 0
51655 0 2211.0 336.0 1503.0 1704.0 0 0 0 0 0.0 0.0 0.0 0.0 0.0 0.0 0 0 0 0 0 0 0.0 0.0 0.0 0.0 0 0 0 0
51655 0 2159.0 409.0 1497.0 2035.0 0 0 0 0 0.0 0.0 0.0 0.0 0.0 1.0 0 0 0 0 0 0 0.0 0.0 0.0 0.0 0 0 0 0
51655 0 2117.0 396.0 1371.0 1835.0 0 0 0 0 0.0 0.0 1.0 0.0 0.0 0.0 0 0 0 0 0 0 0.0 0.0 0.0 0.0 0 0 0 0
51655 0 2000.0 353.0 1328.0 2193.0 0 0 0 0 0.0 0.0 0.0 0.0 0.0 0.0 0 0 0 0 0 0 0.0 0.0 0.0 0.0 0 0 0 0
51655 0 1805.0 391.0 1559.0 2144.0 0 0 0 0 0.0 0.0 0.0 0.0 0.0 0.0 0 0 0 0 0 0 0.0 0.0 0.0 0.0 0 0 0 0
51655 0 1837.0 320.0 1579.0 2197.0 0 0 0 0 0.0 0.0 0.0 0.0 0.0 0.0 0 0 0 0 0 0 0.0 0.0 0.0 0.0 0 0 0 0
51655 0 1949.0 408.0 1510.0 2160.0 0 0 0 0 0.0 0.0 0.0 0.0 0.0 1.0 0 0 0 0 0 0 0.0 0.0 0.0 0.0 0 0 0 0
51655 0 1889.0 375.0 1500.0 2203.0 0 0 0 0 0.0 0.0 0.0 0.0 0.0 0.0 0 0 0 0 0 0 0.0 0.0 0.0 0.0 0 0 0 0
51655 0 1991.0 414.0 1633.0 1971.0 0 0 0 0 0.0 0.0 0.0 0.0 0.0 0.0 0 0 0 0 0 0 0.0 0.0 0.0 0.0 0 0 0 0
51655 0 1936.0 330.0 1390.0 1939.0 0 0 0 0 0.0 0.0 0.0 0.0 0.0 0.0 0 0 0 0 0 0 0.0 0.0 0.0 0.0 0 0 0 0
51655 0 2265.0 350.0 1436.0 1595.0 0 0 0 0 0.0 0.0 0.0 0.0 0.0 1.0 0 0 0 0 0 0 0.0 0.0 0.0 0.0 0 0 0 0
51655 0 2366.0 405.0 1426.0 1688.0 0 0 0 0 0.0 0.0 0.0 0.0 0.0 1.0 0 0 0 0 0 0 0.0 0.0 0.0 0.0 0 0 0 0
51655 0 2182.0 337.0 1288.0 1751.0 0 0 0 0 0.0 0.0 1.0 0.0 0.0 0.0 0 0 0 0 0 0 0.0 0.0 0.0 0.0 0 0 0 0
51655 0 1995.0 376.0 1488.0 1936.0 0 0 0 0 0.0 0.0 0.0 0.0 0.0 0.0 0 0 0 0 0 0 0.0 0.0 0.0 0.0 0 0 0 0
51655 0 1795.0 352.0 1689.0 2330.0 0 0 0 0 0.0 0.0 0.0 0.0 0.0 0.0 0 0 0 0 0 0 0.0 0.0 0.0 0.0 0 0 0 0
51655 0 1799.0 377.0 1594.0 2366.0 0 0 0 0 0.0 0.0 0.0 0.0 0.0 0.0 0 0 0 0 0 0 0.0 0.0 0.0 0.0 0 0 0 0
51655 0 1656.0 361.0 1223.0 2407.0 0 0 0 0 0.0 0.0 0.0 0.0 0.0 0.0 0 0 0 0 0 0 0.0 0.0 0.0 0.0 0 0 0 0
51655 0 1757.0 365.0 1393.0 2170.0 0 0 0 0 0.0 1.0 0.0 0.0 0.0 0.0 0 0 0 0 0 0 0.0 0.0 0.0 0.0 0 0 0 0
51655 0 1814.0 392.0 1814.0 2283.0 0 0 0 0 0.0 0.0 1.0 0.0 0.0 0.0 0 0 0 0 0 0 0.0 0.0 0.0 0.0 0 0 0 0
51655 0 1803.0 354.0 1465.0 2227.0 0 0 0 0 0.0 0.0 0.0 0.0 0.0 0.0 0 0 0 0 0 0 0.0 0.0 0.0 0.0 0 0 0 0
51655 0 1858.0 389.0 1417.0 2185.0 0 0 0 0 0.0 0.0 0.0 0.0 0.0 0.0 0 0 0 0 0 0 0.0 0.0 0.0 0.0 0 0 0 0
51655 0 1817.0 337.0 1515.0 2189.0 0 0 0 0 0.0 0.0 0.0 0.0 0.0 0.0 0 0 0 0 0 0 0.0 0.0 0.0 0.0 0 0 0 0
51655 0 1848.0 385.0 1608.0 2092.0 0 0 0 0 0.0 0.0 0.0 0.0 0.0 0.0 0 0 0 0 0 0 0.0 0.0 0.0 0.0 0 0 0 0
51655 0 1905.0 362.0 1398.0 2095.0 0 0 0 0 0.0 0.0 0.0 0.0 0.0 0.0 0 0 0 0 0 0 0.0 0.0 0.0 0.0 0 0 0 0
51655 0 1703.0 383.0 1538.0 2241.0 0 0 0 0 0.0 0.0 0.0 0.0 0.0 1.0 0 0 0 0 0 0 0.0 0.0 0.0 0.0 0 0 0 0
51655 0 1815.0 364.0 1524.0 2368.0 0 0 0 0 0.0 0.0 0.0 0.0 0.0 0.0 0 0 0 0 0 0 0.0 0.0 0.0 0.0 0 0 0 0
51655 0 1871.0 339.0 1609.0 2220.0 0 0 0 0 0.0 0.0 0.0 0.0 0.0 0.0 0 0 0 0 0 0 0.0 0.0 0.0 0.0 0 0 0 0
51655 0 2019.0 374.0 1433.0 2095.0 0 0 0 0 0.0 0.0 0.0 0.0 0.0 0.0 0 0 0 0 0 0 0.0 0.0 0.0 0.0 0 0 0 0
51655 0 2288.0 331.0 1730.0 1741.0 0 0 0 0 0.0 0.0 0.0 0.0 0.0 0.0 0 0 0 0 0 0 0.0 0.0 0.0 0.0 0 0 0 0
51655 0 2156.0 371.0 1467.0 1870.0 0 0 0 0 0.0 0.0 0.0 0.0 0.0 0.0 0 0 0 0 0 0 0.0 0.0 0.0 0.0 0 0 0 0
51655 0 2080.0 339.0 1576.0 2015.0 0 0 0 0 0.0 0.0 0.0 0.0 0.0 0.0 0 0 0 0 0 0 0.0 0.0 0.0 0.0 0 0 0 0
51655 0 1831.0 390.0 1551.0 2065.0 0 0 0 0 0.0 0.0 0.0 0.0 0.0 0.0 0 0 0 0 0 0 0.0 0.0 0.0 0.0 0 0 0 0
51655 0 1870.0 395.0 1529.0 2290.0 0 0 0 0 0.0 0.0 0.0 0.0 0.0 0.0 0 0 0 0 0 0 0.0 0.0 0.0 0.0 0 0 0 0
51655 0 1922.0 321.0 1378.0 2095.0 0 0 0 0 0.0 2.0 0.0 0.0 0.0 0.0 0 0 0 0 0 0 0.0 0.0 0.0 0.0 0 0 0 0
51655 0 1764.0 420.0 1292.0 2270.0 0 0 0 0 0.0 0.0 0.0 0.0 0.0 0.0 0 0 0 0 0 0 0.0 0.0 0.0 0.0 0 0 0 0
51655 0 2066.0 405.0 1427.0 1915.0 0 0 0 0 0.0 0.0 0.0 0.0 0.0 0.0 0 0 0 0 0 0 0.0 0.0 0.0 0.0 0 0 0 0
51655 0 2320.0 452.0 1624.0 1858.0 0 0 0 0 0.0 0.0 0.0 0.0 0.0 0.0 0 0 0 0 0 0 0.0 0.0 0.0 0.0 0 0 0 0
51655 0 2426.0 389.0 1290.0 1595.0 0 0 0 0 0.0 0.0 0.0 0.0 0.0 0.0 0 0 0 0 0 0 0.0 0.0 0.0 0.0 0 0 0 0
51655 0 2210.0 339.0 1608.0 1605.0 0 0 0 0 0.0 0.0 0.0 0.0 0.0 0.0 0 0 0 0 0 0 0.0 0.0 0.0 0.0 0 0 0 0
51655 0 2024.0 333.0 1339.0 1784.0 0 0 0 0 0.0 1.0 0.0 0.0 0.0 0.0 0 0 0 0 0 0 0.0 0.0 0.0 0.0 0 0 0 0
51655 0 1712.0 341.0 1434.0 2262.0 0 0 0 0 0.0 0.0 0.0 0.0 0.0 0.0 0 0 0 0 0 0 0.0 0.0 0.0 0.0 0 0 0 0
51655 0 1866.0 404.0 1452.0 2363.0 0 0 0 0 0.0 0.0 0.0 0.0 0.0 0.0 0 0 0 0 0 0 0.0 0.0 0.0 0.0 0 0 0 0
51655 0 1756.0 379.0 1544.0 2195.0 0 0 0 0 0.0 0.0 0.0 0.0 0.0 0.0 0 0 0 0 0 0 0.0 0.0 0.0 0.0 0 0 0 0
51655 0 1766.0 363.0 1418.0 2372.0 0 0 0 0 0.0 0.0 0.0 0.0 0.0 0.0 0 0 0 0 0 0 0.0 0.0 0.0 0.0 0 0 0 0
51655 0 1816.0 389.0 1389.0 2336.0 0 0 0 0 0.0 0.0 0.0 0.0 0.0 0.0 0 0 0 0 0 0 0.0 0.0 0.0 0.0 0 0 0 0
51655 0 1766.0 456.0 1535.0 2302.0 0 0 0 0 0.0 0.0 0.0 0.0 0.0 0.0 0 0 0 0 0 0 0.0 0.0 0.0 0.0 0 0 0 0
51655 0 1977.0 349.0 1599.0 2047.0 0 0 0 0 0.0 0.0 1.0 0.0 0.0 0.0 0 0 0 0 0 0 0.0 0.0 0.0 0.0 0 0 0 0
51655 0 2144.0 321.0 1679.0 1819.0 0 0 0 0 0.0 0.0 1.0 0.0 0.0 0.0 0 0 0 0 0 0 0.0 0.0 0.0 0.0 0 0 0 0
51655 0 2337.0 360.0 1695.0 1766.0 0 0 0 0 0.0 0.0 0.0 0.0 0.0 0.0 0 0 0 0 0 0 0.0 0.0 0.0 0.0 0 0 0 0
51655 0 1988.0 370.0 1313.0 1939.0 0 0 0 0 0.0 1.0 0.0 0.0 0.0 0.0 0 0 0 0 0 0 0.0 0.0 0.0 0.0 0 0 0 0
51655 0 1836.0 406.0 1738.0 2270.0 0 0 0 0 0.0 0.0 0.0 0.0 0.0 0.0 0 0 0 0 0 0 0.0 0.0 0.0 0.0 0 0 0 0
51655 0 1705.0 382.0 1516.0 2347.0 0 0 0 0 0.0 0.0 0.0 0.0 0.0 0.0 0 0 0 0 0 0 0.0 0.0 0.0 0.0 0 0 0 0
51655 0 1829.0 295.0 1645.0 2333.0 0 0 0 0 0.0 0.0 0.0 0.0 0.0 0.0 0 0 0 0 0 0 0.0 0.0 0.0 0.0 0 0 0 0
51657 0 1984.0 405.0 1584.0 1986.0 0 0 0 0 0.0 0.0 0.0 0.0 0.0 0.0 0 0 0 0 0 0 0.0 0.0 0.0 0.0 0 0 0 0
51657 0 2109.0 349.0 1568.0 1845.0 0 0 0 0 0.0 0.0 1.0 0.0 0.0 0.0 0 0 0 0 0 0 0.0 0.0 0.0 0.0 0 0 0 0
51657 0 2212.0 407.0 1392.0 1671.0 0 0 0 0 0.0 1.0 0.0 0.0 0.0 0.0 0 0 0 0 0 0 0.0 0.0 0.0 0.0 0 0 0 0
51657 0 2125.0 358.0 1361.0 1790.0 0 0 0 0 0.0 0.0 0.0 0.0 0.0 0.0 0 0 0 0 0 0 0.0 0.0 0.0 0.0 0 0 0 0
51657 0 2062.0 374.0 1456.0 2027.0 0 0 0 0 0.0 0.0 0.0 0.0 0.0 0.0 0 0 0 0 0 0 0.0 0.0 0.0 0.0 0 0 0 0
51657 0 2136.0 331.0 1499.0 1930.0 0 0 0 0 0.0 0.0 0.0 0.0 0.0 0.0 0 0 0 0 0 0 0.0 0.0 0.0 0.0 0 0 0 0
51657 0 2137.0 373.0 1398.0 1893.0 0 0 0 0 0.0 0.0 1.0 0.0 0.0 0.0 0 0 0 0 0 0 0.0 0.0 0.0 0.0 0 0 0 0
51657 0 2104.0 390.0 1574.0 1908.0 0 0 0 0 0.0 0.0 0.0 0.0 0.0 0.0 0 0 0 0 0 0 0.0 0.0 0.0 0.0 0 0 0 0
51657 0 2060.0 386.0 1464.0 1779.0 0 0 0 0 0.0 0.0 0.0 0.0 0.0 0.0 0 0 0 0 0 0 0.0 0.0 0.0 0.0 0 0 0 0
51657 0 2105.0 375.0 1425.0 1735.0 0 0 0 0 0.0 0.0 0.0 0.0 0.0 0.0 0 0 0 0 0 0 0.0 0.0 0.0 0.0 0 0 0 0
51657 0 2236.0 413.0 1551.0 1826.0 0 0 0 0 0.0 0.0 0.0 0.0 0.0 0.0 0 0 0 0 0 0 0.0 0.0 0.0 0.0 0 0 0 0
51657 0 2103.0 372.0 1445.0 1906.0 0 0 0 0 0.0 0.0 0.0 0.0 0.0 0.0 0 0 0 0 0 0 0.0 0.0 0.0 0.0 0 0 0 0
51657 0 2130.0 357.0 1521.0 1808.0 0 0 0 0 0.0 0.0 0.0 0.0 0.0 0.0 0 0 0 0 0 0 0.0 0.0 0.0 0.0 0 0 0 0
51657 0 2087.0 363.0 1540.0 1864.0 0 0 0 0 0.0 0.0 0.0 0.0 0.0 0.0 0 0 0 0 0 0 0.0 0.0 0.0 0.0 0 0 0 0
51657 0 2220.0 388.0 1598.0 1725.0 0 0 0 0 0.0 0.0 1.0 0.0 0.0 0.0 0 0 0 0 0 0 0.0 0.0 0.0 0.0 0 0 0 0
51657 0 2208.0 331.0 1451.0 1763.0 0 0 0 0 0.0 0.0 0.0 0.0 0.0 0.0 0 0 0 0 0 0 0.0 0.0 0.0 0.0 0 0 0 0
51657 0 2188.0 384.0 1416.0 1704.0 0 0 0 0 0.0 0.0 0.0 0.0 0.0 1.0 0 0 0 0 0 0 0.0 0.0 0.0 0.0 0 0 0 0
51657 0 1888.0 370.0 1436.0 1870.0 0 0 0 0 0.0 0.0 0.0 0.0 0.0 0.0 0 0 0 0 0 0 0.0 0.0 0.0 0.0 0 0 0 0
51657 0 1776.0 308.0 1284.0 2037.0 0 0 0 0 0.0 0.0 0.0 0.0 0.0 0.0 0 0 0 0 0 0 0.0 0.0 0.0 0.0 0 0 0 0
51657 0 1868.0 338.0 1517.0 2025.0 0 0 0 0 0.0 0.0 0.0 0.0 0.0 0.0 0 0 0 0 0 0 0.0 0.0 0.0 0.0 0 0 0 0
51657 0 2052.0 344.0 1646.0 1867.0 0 0 0 0 0.0 0.0 1.0 0.0 0.0 0.0 0 0 0 0 0 0 0.0 0.0 0.0 0.0 0 0 0 0
51657 0 2232.0 403.0 1393.0 1662.0 0 0 0 0 0.0 0.0 0.0 0.0 0.0 1.0 0 0 0 0 0 0 0.0 0.0 0.0 0.0 0 0 0 0
51657 0 2236.0 385.0 1405.0 1886.0 0 0 0 0 0.0 0.0 0.0 0.0 0.0 0.0 0 0 0 0 0 0 0.0 0.0 0.0 0.0 0 0 0 0
51657 0 2000.0 339.0 1390.0 1861.0 0 0 0 0 0.0 0.0 1.0 0.0 0.0 0.0 0 0 0 0 0 0 0.0 0.0 0.0 0.0 0 0 0 0
51657 0 2003.0 379.0 1447.0 2078.0 0 0 0 0 0.0 0.0 0.0 0.0 0.0 0.0 0 0 0 0 0 0 0.0 0.0 0.0 0.0 0 0 0 0
51657 0 2145.0 399.0 1503.0 1827.0 0 0 0 0 0.0 0.0 0.0 0.0 0.0 0.0 0 0 0 0 0 0 0.0 0.0 0.0 0.0 0 0 0 0
51657 0 2219.0 370.0 1530.0 1753.0 0 0 0 0 0.0 0.0 0.0 0.0 0.0 0.0 0 0 0 0 0 0 0.0 0.0 0.0 0.0 0 0 0 0
51657 0 2298.0 303.0 1373.0 1789.0 0 0 0 0 0.0 0.0 0.0 0.0 0.0 0.0 0 0 0 0 0 0 0.0 0.0 0.0 0.0 0 0 0 0
51657 0 2273.0 368.0 1434.0 1761.0 0 0 0 0 0.0 0.0 0.0 0.0 0.0 0.0 0 0 0 0 0 0 0.0 0.0 0.0 0.0 0 0 0 0
51657 0 2178.0 406.0 1483.0 1901.0 0 0 0 0 0.0 0.0 0.0 0.0 0.0 0.0 0 0 0 0 0 0 0.0 0.0 0.0 0.0 0 0 0 0
51657 0 2212.0 360.0 1671.0 1682.0 0 0 0 0 0.0 0.0 0.0 0.0 0.0 0.0 0 0 0 0 0 0 0.0 0.0 0.0 0.0 0 0 0 0
51657 0 2339.0 350.0 1590.0 1744.0 0 0 0 0 0.0 0.0 0.0 0.0 0.0 0.0 0 0 0 0 0 0 0.0 0.0 0.0 0.0 0 0 0 0
51657 0 2220.0 369.0 1609.0 1802.0 0 0 0 0 0.0 0.0 0.0 0.0 0.0 0.0 0 0 0 0 0 0 0.0 0.0 0.0 0.0 0 0 0 0
51657 0 2133.0 382.0 1628.0 1981.0 0 0 0 0 0.0 0.0 0.0 0.0 0.0 0.0 0 0 0 0 0 0 0.0 0.0 0.0 0.0 0 0 0 0
51657 0 1917.0 332.0 1553.0 2317.0 0 0 0 0 0.0 0.0 0.0 0.0 0.0 0.0 0 0 0 0 0 0 0.0 0.0 0.0 0.0 0 0 0 0
51657 0 1865.0 373.0 1676.0 2180.0 0 0 0 0 0.0 0.0 0.0 0.0 0.0 0.0 0 0 0 0 0 0 0.0 0.0 0.0 0.0 0 0 0 0
51657 0 2003.0 391.0 1578.0 2170.0 0 0 0 0 0.0 0.0 0.0 0.0 0.0 2.0 0 0 0 0 0 0 0.0 0.0 0.0 0.0 0 0 0 0
51657 0 1948.0 342.0 1553.0 2086.0 0 0 0 0 0.0 0.0 0.0 0.0 0.0 0.0 0 0 0 0 0 0 0.0 0.0 0.0 0.0 0 0 0 0
51657 0 2091.0 388.0 1526.0 1916.0 0 0 0 0 0.0 1.0 1.0 0.0 0.0 0.0 0 0 0 0 0 0 0.0 0.0 0.0 0.0 0 0 0 0
51657 0 2111.0 357.0 1605.0 1940.0 0 0 0 0 0.0 0.0 0.0 0.0 0.0 0.0 0 0 0 0 0 0 0.0 0.0 0.0 0.0 0 0 0 0
51657 0 1995.0 393.0 1613.0 1988.0 0 0 0 0 0.0 0.0 0.0 0.0 0.0 0.0 0 0 0 0 0 0 0.0 0.0 0.0 0.0 0 0 0 0
51657 0 1857.0 363.0 1278.0 2128.0 0 0 0 0 0.0 0.0 0.0 0.0 0.0 0.0 0 0 0 0 0 0 0.0 0.0 0.0 0.0 0 0 0 0
51657 0 1847.0 414.0 1544.0 2280.0 0 0 0 0 0.0 0.0 0.0 0.0 0.0 0.0 0 0 0 0 0 0 0.0 0.0 0.0 0.0 0 0 0 0
51657 0 1772.0 362.0 1552.0 2034.0 0 0 0 0 0.0 0.0 1.0 0.0 0.0 0.0 0 0 0 0 0 0 0.0 0.0 0.0 0.0 0 0 0 0
51657 0 1856.0 362.0 1423.0 2284.0 0 0 0 0 0.0 0.0 0.0 0.0 0.0 0.0 0 0 0 0 0 0 0.0 0.0 0.0 0.0 0 0 0 0
51657 0 1787.0 413.0 1548.0 2274.0 0 0 0 0 0.0 0.0 0.0 0.0 0.0 0.0 0 0 0 0 0 0 0.0 0.0 0.0 0.0 0 0 0 0
51657 0 1835.0 352.0 1514.0 2143.0 0 0 0 0 0.0 0.0 0.0 0.0 0.0 0.0 0 0 0 0 0 0 0.0 0.0 0.0 0.0 0 0 0 0
51657 0 1958.0 333.0 1608.0 2066.0 0 0 0 0 0.0 0.0 0.0 0.0 0.0 0.0 0 0 0 0 0 0 0.0 0.0 0.0 0.0 0 0 0 0
51657 0 2111.0 331.0 1556.0 2051.0 0 0 0 0 0.0 0.0 0.0 0.0 0.0 0.0 0 0 0 0 0 0 0.0 0.0 0.0 0.0 0 0 0 0
51657 0 2151.0 401.0 1468.0 2036.0 0 0 0 0 0.0 0.0 0.0 0.0 0.0 0.0 0 0 0 0 0 0 0.0 0.0 0.0 0.0 0 0 0 0
51657 0 2162.0 404.0 1500.0 1610.0 0 0 0 0 0.0 0.0 0.0 0.0 0.0 1.0 0 0 0 0 0 0 0.0 0.0 0.0 0.0 0 0 0 0
51657 0 2233.0 348.0 1398.0 1780.0 0 0 0 0 0.0 1.0 0.0 0.0 0.0 0.0 0 0 0 0 0 0 0.0 0.0 0.0 0.0 0 0 0 0
51657 0 1925.0 365.0 1406.0 2141.0 0 0 0 0 0.0 0.0 1.0 0.0 0.0 0.0 0 0 0 0 0 0 0.0 0.0 0.0 0.0 0 0 0 0
51657 0 1864.0 324.0 1632.0 2095.0 0 0 0 0 0.0 0.0 0.0 0.0 0.0 0.0 0 0 0 0 0 0 0.0 0.0 0.0 0.0 0 0 0 0
51657 0 1781.0 330.0 1469.0 2187.0 0 0 0 0 0.0 0.0 0.0 0.0 0.0 0.0 0 0 0 0 0 0 0.0 0.0 0.0 0.0 0 0 0 0
51657 0 1875.0 365.0 1606.0 2198.0 0 0 0 0 0.0 1.0 0.0 0.0 0.0 0.0 0 0 0 0 0 0 0.0 0.0 0.0 0.0 0 0 0 0
51657 0 1874.0 358.0 1467.0 2151.0 0 0 0 0 0.0 0.0 0.0 0.0 0.0 0.0 0 0 0 0 0 0 0.0 0.0 0.0 0.0 0 0 0 0
51657 0 1777.0 338.0 1284.0 2092.0 0 0 0 0 0.0 0.0 1.0 0.0 0.0 0.0 0 0 0 0 0 0 0.0 0.0 0.0 0.0 0 0 0 0
51657 0 1892.0 363.0 1483.0 2022.0 0 0 0 0 0.0 0.0 0.0 0.0 0.0 0.0 0 0 0 0 0 0 0.0 0.0 0.0 0.0 0 0 0 0
51657 0 2055.0 300.0 1264.0 2100.0 0 0 0 0 0.0 0.0 1.0 0.0 0.0 1.0 0 0 0 0 0 0 0.0 0.0 0.0 0.0 0 0 0 0
51657 0 2098.0 375.0 1412.0 1669.0 0 0 0 0 0.0 0.0 0.0 0.0 0.0 1.0 0 0 0 0 0 0 0.0 0.0 0.0 0.0 0 0 0 0
51657 0 2100.0 347.0 1533.0 1852.0 0 0 0 0 0.0 0.0 0.0 0.0 0.0 0.0 0 0 0 0 0 0 0.0 0.0 0.0 0.0 0 0 0 0
51657 0 2198.0 357.0 1531.0 1769.0 0 0 0 0 0.0 0.0 0.0 0.0 0.0 0.0 0 0 0 0 0 0 0.0 0.0 0.0 0.0 0 0 0 0
51657 0 2254.0 380.0 1329.0 1893.0 0 0 0 0 0.0 0.0 0.0 0.0 0.0 1.0 0 0 0 0 0 0 0.0 0.0 0.0 0.0 0 0 0 0
51657 0 2195.0 367.0 1487.0 1973.0 0 0 0 0 0.0 0.0 0.0 0.0 0.0 0.0 0 0 0 0 0 0 0.0 0.0 0.0 0.0 0 0 0 0
51657 0 2182.0 402.0 1561.0 1878.0 0 0 0 0 0.0 0.0 0.0 0.0 0.0 1.0 0 0 0 0 0 0 0.0 0.0 0.0 0.0 0 0 0 0
51657 0 2087.0 381.0 1457.0 2035.0 0 0 0 0 0.0 0.0 1.0 0.0 0.0 0.0 0 0 0 0 0 0 0.0 0.0 0.0 0.0 0 0 0 0
51657 0 2248.0 368.0 1565.0 1772.0 0 0 0 0 0.0 0.0 0.0 0.0 0.0 0.0 0 0 0 0 0 0 0.0 0.0 0.0 0.0 0 0 0 0
51657 0 2184.0 351.0 1540.0 1937.0 0 0 0 0 0.0 1.0 0.0 0.0 0.0 0.0 0 0 0 0 0 0 0.0 0.0 0.0 0.0 0 0 0 0
51657 0 2232.0 416.0 1546.0 1924.0 0 0 0 0 0.0 1.0 0.0 0.0 0.0 0.0 0 0 0 0 0 0 0.0 0.0 0.0 0.0 0 0 0 0
51657 0 2163.0 357.0 1502.0 2018.0 0 0 0 0 0.0 0.0 0.0 0.0 0.0 0.0 0 0 0 0 0 0 0.0 0.0 0.0 0.0 0 0 0 0
51657 0 2153.0 369.0 1683.0 1679.0 0 0 0 0 0.0 0.0 0.0 0.0 0.0 0.0 0 0 0 0 0 0 0.0 0.0 0.0 0.0 0 0 0 0
51657 0 2013.0 369.0 1292.0 1967.0 0 0 0 0 0.0 0.0 0.0 0.0 0.0 0.0 0 0 0 0 0 0 0.0 0.0 0.0 0.0 0 0 0 0
51657 0 2249.0 395.0 1580.0 1810.0 0 0 0 0 0.0 0.0 1.0 0.0 0.0 1.0 0 0 0 0 0 0 0.0 0.0 0.0 0.0 0 0 0 0
51657 0 2190.0 363.0 1305.0 1660.0 0 0 0 0 0.0 0.0 0.0 0.0 0.0 0.0 0 0 0 0 0 0 0.0 0.0 0.0 0.0 0 0 0 0
51657 0 2108.0 401.0 1495.0 1786.0 0 0 0 0 0.0 0.0 0.0 0.0 0.0 0.0 0 0 0 0 0 0 0.0 0.0 0.0 0.0 0 0 0 0
51657 0 2084.0 335.0 1369.0 1722.0 0 0 0 0 0.0 0.0 0.0 0.0 0.0 0.0 0 0 0 0 0 0 0.0 0.0 0.0 0.0 0 0 0 0
51657 0 2148.0 345.0 1476.0 2053.0 0 0 0 0 0.0 0.0 0.0 0.0 0.0 0.0 0 0 0 0 0 0 0.0 0.0 0.0 0.0 0 0 0 0
51657 0 2085.0 348.0 1240.0 1780.0 0 0 0 0 0.0 0.0 0.0 0.0 0.0 0.0 0 0 0 0 0 0 0.0 0.0 0.0 0.0 0 0 0 0
51657 0 2180.0 378.0 1383.0 1893.0 0 0 0 0 0.0 0.0 0.0 0.0 0.0 0.0 0 0 0 0 0 0 0.0 0.0 0.0 0.0 0 0 0 0
51657 0 1913.0 360.0 1231.0 2014.0 0 0 0 0 0.0 0.0 0.0 0.0 0.0 0.0 0 0 0 0 0 0 0.0 0.0 0.0 0.0 0 0 0 0
51657 0 1825.0 374.0 1385.0 1966.0 0 0 0 0 0.0 1.0 0.0 0.0 0.0 1.0 0 0 0 0 0 0 0.0 0.0 0.0 0.0 0 0 0 0
51657 0 1852.0 422.0 1507.0 2030.0 0 0 0 0 0.0 0.0 0.0 0.0 0.0 0.0 0 0 0 0 0 0 0.0 0.0 0.0 0.0 0 0 0 0
51657 0 1902.0 389.0 1662.0 1957.0 0 0 0 0 0.0 0.0 0.0 0.0 0.0 0.0 0 0 0 0 0 0 0.0 0.0 0.0 0.0 0 0 0 0
51657 0 2047.0 383.0 1537.0 1946.0 0 0 0 0 0.0 0.0 0.0 0.0 0.0 0.0 0 0 0 0 0 0 0.0 0.0 0.0 0.0 0 0 0 0
51657 0 1963.0 408.0 1582.0 1908.0 0 0 0 0 0.0 0.0 0.0 0.0 0.0 0.0 0 0 0 0 0 0 0.0 0.0 0.0 0.0 0 0 0 0
51657 0 1970.0 381.0 1530.0 2004.0 0 0 0 0 0.0 0.0 0.0 0.0 0.0 0.0 0 0 0 0 0 0 0.0 0.0 0.0 0.0 0 0 0 0
51657 0 2069.0 362.0 1324.0 2222.0 0 0 0 0 0.0 0.0 0.0 0.0 0.0 0.0 0 0 0 0 0 0 0.0 0.0 0.0 0.0 0 0 0 0
51657 0 1966.0 361.0 1402.0 1967.0 0 0 0 0 0.0 0.0 0.0 0.0 0.0 0.0 0 0 0 0 0 0 0.0 0.0 0.0 0.0 0 0 0 0
51657 0 1819.0 370.0 1441.0 2148.0 0 0 0 0 0.0 0.0 0.0 0.0 0.0 0.0 0 0 0 0 0 0 0.0 0.0 0.0 0.0 0 0 0 0
51657 0 1766.0 355.0 1539.0 2196.0 0 0 0 0 0.0 0.0 0.0 0.0 0.0 0.0 0 0 0 0 0 0 0.0 0.0 0.0 0.0 0 0 0 0
51657 0 1863.0 378.0 1547.0 2127.0 0 0 0 0 0.0 0.0 0.0 0.0 0.0 0.0 0 0 0 0 0 0 0.0 0.0 0.0 0.0 0 0 0 0
51657 0 2114.0 416.0 1319.0 1715.0 0 0 0 0 0.0 1.0 0.0 0.0 0.0 0.0 0 0 0 0 0 0 0.0 0.0 0.0 0.0 0 0 0 0
51657 0 2200.0 375.0 1516.0 1925.0 0 0 0 0 0.0 0.0 0.0 0.0 0.0 0.0 0 0 0 0 0 0 0.0 0.0 0.0 0.0 0 0 0 0
51657 0 2098.0 343.0 1374.0 1993.0 0 0 0 0 0.0 0.0 0.0 0.0 0.0 0.0 0 0 0 0 0 0 0.0 0.0 0.0 0.0 0 0 0 0
51657 0 1841.0 336.0 1454.0 2252.0 0 0 0 0 0.0 2.0 1.0 0.0 0.0 0.0 0 0 0 0 0 0 0.0 0.0 0.0 0.0 0 0 0 0
51657 0 1926.0 407.0 1607.0 2182.0 0 0 0 0 0.0 0.0 1.0 0.0 0.0 0.0 0 0 0 0 0 0 0.0 0.0 0.0 0.0 0 0 0 0
51657 0 2122.0 314.0 1575.0 2006.0 0 0 0 0 0.0 0.0 0.0 0.0 0.0 0.0 0 0 0 0 0 0 0.0 0.0 0.0 0.0 0 0 0 0
51657 0 1723.0 341.0 1452.0 1961.0 0 0 0 0 0.0 0.0 0.0 0.0 0.0 0.0 0 0 0 0 0 0 0.0 0.0 0.0 0.0 0 0 0 0
51657 0 1800.0 385.0 1402.0 2242.0 0 0 0 0 0.0 0.0 0.0 0.0 0.0 0.0 0 0 0 0 0 0 0.0 0.0 0.0 0.0 0 0 0 0
