coincidence_window [ps] = 500
capture_duration [sec] = 1.0
dark_capture_duration = 0.0
no_of_rep = 30
--------------------------------------------------------------------------------
step ustep rate1 rate2 rate3 rate4 dark1 dark2 dark3 dark4 rate12 rate13 rate14 rate23 rate24 rate34 dark12 dark13 dark14 dark23 dark24 dark34 rate123 rate124 rate134 rate234 dark123 dark124 dark13451632 0 105711.0 95820.0 75621.0 96631.0 0 0 0 0 9.0 10.0 5.0 10.0 6.0 7.0 0 0 0 0 0 0 0.0 0.0 0.0 0.0 0 0 0 0
51632 0 105648.0 95394.0 75588.0 97530.0 0 0 0 0 3.0 14.0 11.0 11.0 15.0 9.0 0 0 0 0 0 0 0.0 0.0 0.0 0.0 0 0 0 0
51632 0 105923.0 95727.0 75616.0 97527.0 0 0 0 0 11.0 10.0 12.0 9.0 6.0 11.0 0 0 0 0 0 0 0.0 0.0 0.0 0.0 0 0 0 0
51632 0 106324.0 95976.0 75530.0 96842.0 0 0 0 0 7.0 7.0 7.0 5.0 6.0 9.0 0 0 0 0 0 0 0.0 0.0 0.0 0.0 0 0 0 0
51632 0 104924.0 94948.0 75357.0 97781.0 0 0 0 0 9.0 7.0 12.0 3.0 7.0 5.0 0 0 0 0 0 0 0.0 0.0 0.0 0.0 0 0 0 0
51632 0 105878.0 95238.0 75478.0 96597.0 0 0 0 0 16.0 7.0 8.0 7.0 12.0 13.0 0 0 0 0 0 0 0.0 0.0 0.0 0.0 0 0 0 0
51632 0 106006.0 95564.0 75851.0 97402.0 0 0 0 0 9.0 10.0 5.0 11.0 8.0 10.0 0 0 0 0 0 0 0.0 0.0 0.0 0.0 0 0 0 0
51632 0 105391.0 94692.0 75268.0 97498.0 0 0 0 0 9.0 16.0 12.0 5.0 11.0 8.0 0 0 0 0 0 0 0.0 0.0 0.0 0.0 0 0 0 0
51632 0 105220.0 95051.0 75117.0 96756.0 0 0 0 0 12.0 17.0 14.0 3.0 15.0 5.0 0 0 0 0 0 0 0.0 0.0 0.0 0.0 0 0 0 0
51632 0 104618.0 95293.0 74849.0 97438.0 0 0 0 0 18.0 5.0 15.0 6.0 8.0 9.0 0 0 0 0 0 0 0.0 0.0 0.0 0.0 0 0 0 0
51632 0 104983.0 94594.0 75297.0 96906.0 0 0 0 0 11.0 7.0 9.0 9.0 13.0 9.0 0 0 0 0 0 0 0.0 0.0 0.0 0.0 0 0 0 0
51632 0 104935.0 95473.0 75792.0 97414.0 0 0 0 0 10.0 11.0 13.0 6.0 9.0 8.0 0 0 0 0 0 0 0.0 0.0 0.0 0.0 0 0 0 0
51632 0 106161.0 95247.0 75945.0 97225.0 0 0 0 0 15.0 4.0 11.0 4.0 7.0 14.0 0 0 0 0 0 0 0.0 0.0 0.0 0.0 0 0 0 0
51632 0 105747.0 94702.0 74649.0 97120.0 0 0 0 0 9.0 12.0 8.0 4.0 8.0 11.0 0 0 0 0 0 0 0.0 0.0 0.0 0.0 0 0 0 0
51632 0 105693.0 95044.0 75181.0 97153.0 0 0 0 0 13.0 9.0 8.0 15.0 11.0 7.0 0 0 0 0 0 0 0.0 0.0 0.0 0.0 0 0 0 0
51632 0 105323.0 95827.0 75348.0 96652.0 0 0 0 0 3.0 8.0 12.0 11.0 10.0 7.0 0 0 0 0 0 0 0.0 0.0 0.0 0.0 0 0 0 0
51632 0 105455.0 95061.0 75393.0 97342.0 0 0 0 0 8.0 8.0 7.0 11.0 10.0 6.0 0 0 0 0 0 0 0.0 0.0 0.0 0.0 0 0 0 0
51632 0 105163.0 94878.0 74973.0 97435.0 0 0 0 0 7.0 7.0 18.0 6.0 11.0 8.0 0 0 0 0 0 0 0.0 0.0 0.0 0.0 0 0 0 0
51632 0 105378.0 95514.0 74847.0 96749.0 0 0 0 0 12.0 8.0 8.0 12.0 14.0 5.0 0 0 0 0 0 0 0.0 0.0 0.0 0.0 0 0 0 0
51632 0 105416.0 95436.0 74944.0 97172.0 0 0 0 0 11.0 13.0 14.0 4.0 8.0 12.0 0 0 0 0 0 0 0.0 0.0 0.0 0.0 0 0 0 0
51632 0 105963.0 95113.0 74535.0 97155.0 0 0 0 0 10.0 5.0 10.0 12.0 10.0 9.0 0 0 0 0 0 0 0.0 0.0 0.0 0.0 0 0 0 0
51632 0 105251.0 95302.0 75871.0 97437.0 0 0 0 0 8.0 6.0 15.0 10.0 3.0 4.0 0 0 0 0 0 0 0.0 0.0 0.0 0.0 0 0 0 0
51632 0 105730.0 95069.0 75559.0 97456.0 0 0 0 0 8.0 10.0 17.0 7.0 11.0 7.0 0 0 0 0 0 0 0.0 0.0 0.0 0.0 0 0 0 0
51632 0 104942.0 95826.0 75273.0 97316.0 0 0 0 0 7.0 6.0 7.0 12.0 8.0 9.0 0 0 0 0 0 0 0.0 0.0 0.0 0.0 0 0 0 0
51632 0 105625.0 95344.0 75415.0 96895.0 0 0 0 0 17.0 7.0 13.0 10.0 16.0 7.0 0 0 0 0 0 0 0.0 0.0 0.0 0.0 0 0 0 0
51632 0 105632.0 95314.0 75107.0 96951.0 0 0 0 0 6.0 6.0 8.0 5.0 8.0 6.0 0 0 0 0 0 0 0.0 0.0 0.0 0.0 0 0 0 0
51632 0 105546.0 94998.0 75681.0 97095.0 0 0 0 0 10.0 6.0 18.0 7.0 5.0 7.0 0 0 0 0 0 0 0.0 0.0 0.0 0.0 0 0 0 0
51632 0 105540.0 95596.0 74548.0 96868.0 0 0 0 0 9.0 9.0 13.0 9.0 8.0 6.0 0 0 0 0 0 0 0.0 0.0 0.0 0.0 0 0 0 0
51632 0 105705.0 95284.0 75775.0 97101.0 0 0 0 0 19.0 9.0 13.0 8.0 8.0 14.0 0 0 0 0 0 0 0.0 0.0 0.0 0.0 0 0 0 0
51632 0 105778.0 94775.0 75527.0 98193.0 0 0 0 0 11.0 5.0 15.0 5.0 13.0 8.0 0 0 0 0 0 0 0.0 0.0 0.0 0.0 0 0 0 0
51634 0 105785.0 95519.0 75629.0 96611.0 0 0 0 0 9.0 8.0 12.0 4.0 10.0 6.0 0 0 0 0 0 0 0.0 0.0 0.0 0.0 0 0 0 0
51634 0 105132.0 95046.0 75664.0 96891.0 0 0 0 0 8.0 11.0 11.0 5.0 12.0 10.0 0 0 0 0 0 0 0.0 0.0 0.0 0.0 0 0 0 0
51634 0 104113.0 95154.0 75472.0 97259.0 0 0 0 0 16.0 9.0 4.0 7.0 7.0 8.0 0 0 0 0 0 0 0.0 0.0 0.0 0.0 0 0 0 0
51634 0 105847.0 95460.0 75895.0 98161.0 0 0 0 0 13.0 10.0 10.0 7.0 9.0 11.0 0 0 0 0 0 0 0.0 0.0 0.0 0.0 0 0 0 0
51634 0 105393.0 94803.0 76253.0 96931.0 0 0 0 0 12.0 6.0 7.0 12.0 12.0 8.0 0 0 0 0 0 0 0.0 0.0 0.0 0.0 0 0 0 0
51634 0 105555.0 94939.0 75201.0 97170.0 0 0 0 0 7.0 11.0 14.0 3.0 9.0 4.0 0 0 0 0 0 0 0.0 0.0 0.0 0.0 0 0 0 0
51634 0 106142.0 95086.0 75722.0 96934.0 0 0 0 0 8.0 9.0 12.0 4.0 12.0 12.0 0 0 0 0 0 0 0.0 0.0 0.0 0.0 0 0 0 0
51634 0 105060.0 95053.0 76265.0 96806.0 0 0 0 0 15.0 7.0 6.0 13.0 13.0 14.0 0 0 0 0 0 0 0.0 0.0 0.0 0.0 0 0 0 0
51634 0 105765.0 95154.0 75040.0 97248.0 0 0 0 0 11.0 10.0 9.0 4.0 4.0 6.0 0 0 0 0 0 0 0.0 0.0 0.0 0.0 0 0 0 0
51634 0 105495.0 95423.0 75659.0 96773.0 0 0 0 0 12.0 7.0 10.0 9.0 10.0 6.0 0 0 0 0 0 0 0.0 0.0 0.0 0.0 0 0 0 0
51634 0 105703.0 95286.0 75341.0 97065.0 0 0 0 0 12.0 11.0 12.0 3.0 6.0 7.0 0 0 0 0 0 0 0.0 0.0 0.0 0.0 0 0 0 0
51634 0 105695.0 95119.0 75689.0 97103.0 0 0 0 0 10.0 8.0 11.0 3.0 6.0 6.0 0 0 0 0 0 0 0.0 0.0 0.0 0.0 0 0 0 0
51634 0 105056.0 95185.0 75449.0 97599.0 0 0 0 0 6.0 7.0 15.0 6.0 7.0 6.0 0 0 0 0 0 0 0.0 0.0 0.0 0.0 0 0 0 0
51634 0 106156.0 95489.0 76104.0 97058.0 0 0 0 0 15.0 7.0 11.0 10.0 12.0 6.0 0 0 0 0 0 0 0.0 0.0 0.0 0.0 0 0 0 0
51634 0 106189.0 93833.0 76588.0 96577.0 0 0 0 0 8.0 7.0 11.0 6.0 14.0 5.0 0 0 0 0 0 0 0.0 0.0 0.0 0.0 0 0 0 0
51634 0 105458.0 94804.0 75431.0 97102.0 0 0 0 0 11.0 10.0 10.0 3.0 5.0 10.0 0 0 0 0 0 0 0.0 0.0 0.0 0.0 0 0 0 0
51634 0 105024.0 95198.0 75442.0 97009.0 0 0 0 0 14.0 6.0 7.0 7.0 5.0 13.0 0 0 0 0 0 0 0.0 0.0 0.0 0.0 0 0 0 0
51634 0 106010.0 94706.0 75363.0 96918.0 0 0 0 0 9.0 10.0 9.0 9.0 5.0 11.0 0 0 0 0 0 0 0.0 0.0 0.0 0.0 0 0 0 0
51634 0 105084.0 95605.0 75079.0 97405.0 0 0 0 0 12.0 9.0 12.0 7.0 9.0 16.0 0 0 0 0 0 0 0.0 0.0 0.0 0.0 0 0 0 0
51634 0 105880.0 94524.0 75805.0 97316.0 0 0 0 0 10.0 8.0 6.0 5.0 7.0 11.0 0 0 0 0 0 0 0.0 0.0 0.0 0.0 0 0 0 0
51634 0 105919.0 95095.0 74853.0 96495.0 0 0 0 0 4.0 8.0 13.0 6.0 11.0 9.0 0 0 0 0 0 0 0.0 0.0 0.0 0.0 0 0 0 0
51634 0 105841.0 95086.0 75622.0 96390.0 0 0 0 0 8.0 10.0 14.0 3.0 8.0 11.0 0 0 0 0 0 0 0.0 0.0 0.0 0.0 0 0 0 0
51634 0 105158.0 95305.0 75734.0 96903.0 0 0 0 0 4.0 7.0 8.0 8.0 5.0 10.0 0 0 0 0 0 0 0.0 0.0 0.0 0.0 0 0 0 0
51634 0 105334.0 95031.0 75581.0 97318.0 0 0 0 0 7.0 10.0 14.0 4.0 7.0 13.0 0 0 0 0 0 0 0.0 0.0 0.0 0.0 0 0 0 0
51634 0 105716.0 94560.0 75708.0 97021.0 0 0 0 0 5.0 10.0 10.0 10.0 10.0 10.0 0 0 0 0 0 0 0.0 0.0 0.0 0.0 0 0 0 0
51634 0 104951.0 95426.0 74928.0 97450.0 0 0 0 0 6.0 7.0 11.0 7.0 8.0 7.0 0 0 0 0 0 0 0.0 0.0 0.0 0.0 0 0 0 0
51634 0 106419.0 95564.0 75399.0 97279.0 0 0 0 0 5.0 10.0 9.0 6.0 6.0 6.0 0 0 0 0 0 0 0.0 0.0 0.0 0.0 0 0 0 0
51634 0 105692.0 95293.0 74504.0 97222.0 0 0 0 0 10.0 7.0 9.0 5.0 5.0 10.0 0 0 0 0 0 0 0.0 0.0 0.0 0.0 0 0 0 0
51634 0 105294.0 95613.0 75941.0 96179.0 0 0 0 0 13.0 10.0 11.0 5.0 9.0 6.0 0 0 0 0 0 0 0.0 0.0 0.0 0.0 0 0 0 0
51634 0 105430.0 94905.0 75516.0 96857.0 0 0 0 0 10.0 9.0 11.0 6.0 8.0 7.0 0 0 0 0 0 0 0.0 0.0 0.0 0.0 0 0 0 0
51636 0 104737.0 95315.0 75675.0 97299.0 0 0 0 0 15.0 6.0 11.0 5.0 9.0 15.0 0 0 0 0 0 0 0.0 0.0 0.0 0.0 0 0 0 0
51636 0 106035.0 95095.0 75102.0 97051.0 0 0 0 0 15.0 6.0 9.0 14.0 9.0 12.0 0 0 0 0 0 0 0.0 0.0 0.0 0.0 0 0 0 0
51636 0 105292.0 95445.0 76083.0 97149.0 0 0 0 0 9.0 11.0 12.0 5.0 7.0 9.0 0 0 0 0 0 0 0.0 0.0 0.0 0.0 0 0 0 0
51636 0 105820.0 94999.0 76371.0 97005.0 0 0 0 0 4.0 2.0 17.0 4.0 5.0 5.0 0 0 0 0 0 0 0.0 0.0 0.0 0.0 0 0 0 0
51636 0 104900.0 95436.0 75593.0 97700.0 0 0 0 0 8.0 12.0 7.0 3.0 8.0 9.0 0 0 0 0 0 0 0.0 0.0 0.0 0.0 0 0 0 0
51636 0 106241.0 95445.0 75932.0 97477.0 0 0 0 0 19.0 3.0 14.0 11.0 6.0 6.0 0 0 0 0 0 0 0.0 0.0 0.0 0.0 0 0 0 0
51636 0 105155.0 94782.0 76150.0 97176.0 0 0 0 0 13.0 10.0 10.0 8.0 8.0 6.0 0 0 0 0 0 0 0.0 0.0 0.0 0.0 0 0 0 0
51636 0 105397.0 95459.0 74944.0 97051.0 0 0 0 0 11.0 7.0 11.0 6.0 14.0 10.0 0 0 0 0 0 0 0.0 0.0 0.0 0.0 0 0 0 0
51636 0 105415.0 95140.0 74890.0 97286.0 0 0 0 0 13.0 6.0 11.0 9.0 13.0 5.0 0 0 0 0 0 0 0.0 0.0 0.0 0.0 0 0 0 0
51636 0 105091.0 95202.0 74778.0 96940.0 0 0 0 0 16.0 4.0 11.0 8.0 16.0 6.0 0 0 0 0 0 0 0.0 0.0 0.0 0.0 0 0 0 0
51636 0 104792.0 95374.0 75403.0 96485.0 0 0 0 0 12.0 11.0 12.0 8.0 16.0 7.0 0 0 0 0 0 0 0.0 0.0 0.0 0.0 0 0 0 0
51636 0 105351.0 94635.0 74978.0 97834.0 0 0 0 0 6.0 8.0 11.0 7.0 6.0 5.0 0 0 0 0 0 0 0.0 0.0 0.0 0.0 0 0 0 0
51636 0 105546.0 95198.0 74857.0 97338.0 0 0 0 0 12.0 9.0 9.0 9.0 13.0 8.0 0 0 0 0 0 0 0.0 0.0 0.0 0.0 0 0 0 0
51636 0 105017.0 95175.0 75609.0 96907.0 0 0 0 0 10.0 9.0 9.0 3.0 13.0 7.0 0 0 0 0 0 0 0.0 0.0 0.0 0.0 0 0 0 0
51636 0 106064.0 96073.0 75690.0 97046.0 0 0 0 0 18.0 9.0 13.0 11.0 16.0 5.0 0 0 0 0 0 0 0.0 0.0 0.0 0.0 0 0 0 0
51636 0 105270.0 95243.0 75385.0 96869.0 0 0 0 0 16.0 5.0 10.0 8.0 5.0 11.0 0 0 0 0 0 0 0.0 0.0 0.0 0.0 0 0 0 0
51636 0 105319.0 95138.0 75210.0 97455.0 0 0 0 0 11.0 8.0 11.0 9.0 11.0 7.0 0 0 0 0 0 0 0.0 0.0 0.0 0.0 0 0 0 0
51636 0 104857.0 95027.0 75161.0 97192.0 0 0 0 0 9.0 11.0 14.0 6.0 9.0 9.0 0 0 0 0 0 0 0.0 0.0 0.0 0.0 0 0 0 0
51636 0 105040.0 95859.0 75286.0 97258.0 0 0 0 0 10.0 10.0 14.0 6.0 9.0 8.0 0 0 0 0 0 0 0.0 0.0 0.0 0.0 0 0 0 0
51636 0 105720.0 95035.0 75531.0 97785.0 0 0 0 0 13.0 8.0 7.0 7.0 5.0 6.0 0 0 0 0 0 0 0.0 0.0 0.0 0.0 0 0 0 0
51636 0 105716.0 95014.0 75881.0 97215.0 0 0 0 0 12.0 8.0 5.0 3.0 7.0 7.0 0 0 0 0 0 0 0.0 0.0 0.0 0.0 0 0 0 0
51636 0 105476.0 95837.0 76229.0 97392.0 0 0 0 0 8.0 8.0 7.0 10.0 13.0 9.0 0 0 0 0 0 0 0.0 0.0 0.0 0.0 0 0 0 0
51636 0 105490.0 95844.0 75034.0 97285.0 0 0 0 0 13.0 11.0 9.0 6.0 11.0 5.0 0 0 0 0 0 0 0.0 0.0 0.0 0.0 0 0 0 0
51636 0 105921.0 95233.0 75763.0 96747.0 0 0 0 0 15.0 7.0 15.0 5.0 13.0 8.0 0 0 0 0 0 0 0.0 0.0 0.0 0.0 0 0 0 0
51636 0 105925.0 95540.0 75470.0 97552.0 0 0 0 0 18.0 6.0 11.0 5.0 8.0 8.0 0 0 0 0 0 0 0.0 0.0 0.0 0.0 0 0 0 0
51636 0 104892.0 96420.0 74826.0 97649.0 0 0 0 0 16.0 3.0 7.0 6.0 8.0 9.0 0 0 0 0 0 0 0.0 0.0 0.0 0.0 0 0 0 0
51636 0 105463.0 95006.0 75236.0 97440.0 0 0 0 0 16.0 7.0 3.0 4.0 18.0 13.0 0 0 0 0 0 0 0.0 0.0 0.0 0.0 0 0 0 0
51636 0 104632.0 95089.0 75573.0 97349.0 0 0 0 0 12.0 9.0 13.0 4.0 13.0 12.0 0 0 0 0 0 0 0.0 0.0 0.0 0.0 0 0 0 0
51636 0 105946.0 95613.0 75379.0 97494.0 0 0 0 0 10.0 10.0 6.0 5.0 12.0 12.0 0 0 0 0 0 0 0.0 0.0 0.0 0.0 0 0 0 0
51636 0 105530.0 94866.0 75076.0 97702.0 0 0 0 0 8.0 10.0 8.0 12.0 10.0 9.0 0 0 0 0 0 0 0.0 0.0 0.0 0.0 0 0 0 0
51638 0 105585.0 96181.0 75601.0 97089.0 0 0 0 0 14.0 12.0 12.0 12.0 5.0 5.0 0 0 0 0 0 0 0.0 0.0 0.0 0.0 0 0 0 0
51638 0 106016.0 95691.0 75505.0 97158.0 0 0 0 0 10.0 1.0 13.0 5.0 10.0 12.0 0 0 0 0 0 0 0.0 0.0 0.0 0.0 0 0 0 0
51638 0 105209.0 95520.0 75732.0 96965.0 0 0 0 0 9.0 2.0 12.0 6.0 10.0 5.0 0 0 0 0 0 0 0.0 0.0 0.0 0.0 0 0 0 0
51638 0 105505.0 95216.0 75228.0 96663.0 0 0 0 0 10.0 7.0 12.0 3.0 6.0 3.0 0 0 0 0 0 0 0.0 0.0 0.0 0.0 0 0 0 0
51638 0 106199.0 95808.0 76885.0 98025.0 0 0 0 0 65.0 90.0 221.0 184.0 112.0 117.0 0 0 0 0 0 0 17.0 32.0 53.0 3.0 0 0 0 0
51638 0 107371.0 95974.0 75868.0 97550.0 0 0 0 0 9.0 10.0 11.0 8.0 6.0 10.0 0 0 0 0 0 0 0.0 0.0 0.0 0.0 0 0 0 0
51638 0 106854.0 96205.0 75279.0 97999.0 0 0 0 0 16.0 7.0 11.0 7.0 10.0 7.0 0 0 0 0 0 0 0.0 0.0 0.0 0.0 0 0 0 0
51638 0 105910.0 95169.0 76451.0 97493.0 0 0 0 0 10.0 7.0 11.0 3.0 9.0 10.0 0 0 0 0 0 0 0.0 0.0 0.0 0.0 0 0 0 0
51638 0 105304.0 96316.0 75970.0 97773.0 0 0 0 0 12.0 7.0 10.0 13.0 7.0 9.0 0 0 0 0 0 0 0.0 0.0 0.0 0.0 0 0 0 0
51638 0 106275.0 95469.0 76313.0 97980.0 0 0 0 0 9.0 6.0 14.0 9.0 6.0 8.0 0 0 0 0 0 0 0.0 0.0 0.0 0.0 0 0 0 0
51638 0 106638.0 95984.0 75468.0 98154.0 0 0 0 0 7.0 11.0 9.0 7.0 13.0 6.0 0 0 0 0 0 0 0.0 0.0 0.0 0.0 0 0 0 0
51638 0 106021.0 95359.0 76446.0 97876.0 0 0 0 0 15.0 10.0 11.0 6.0 12.0 7.0 0 0 0 0 0 0 0.0 0.0 0.0 0.0 0 0 0 0
51638 0 106733.0 96605.0 76514.0 97640.0 0 0 0 0 15.0 7.0 16.0 7.0 13.0 7.0 0 0 0 0 0 0 0.0 0.0 0.0 0.0 0 0 0 0
51638 0 106431.0 95650.0 75814.0 97430.0 0 0 0 0 10.0 8.0 15.0 18.0 14.0 5.0 0 0 0 0 0 0 0.0 0.0 0.0 0.0 0 0 0 0
51638 0 106531.0 96385.0 76192.0 97399.0 0 0 0 0 11.0 6.0 15.0 4.0 13.0 12.0 0 0 0 0 0 0 0.0 0.0 0.0 0.0 0 0 0 0
51638 0 106489.0 95808.0 76148.0 97353.0 0 0 0 0 8.0 12.0 15.0 7.0 13.0 9.0 0 0 0 0 0 0 0.0 0.0 0.0 0.0 0 0 0 0
51638 0 105778.0 95539.0 75581.0 97316.0 0 0 0 0 10.0 11.0 12.0 6.0 12.0 11.0 0 0 0 0 0 0 0.0 0.0 0.0 0.0 0 0 0 0
51638 0 105803.0 96395.0 75933.0 97497.0 0 0 0 0 15.0 10.0 10.0 13.0 9.0 7.0 0 0 0 0 0 0 0.0 0.0 0.0 0.0 0 0 0 0
51638 0 106402.0 95507.0 75947.0 97450.0 0 0 0 0 10.0 7.0 12.0 7.0 11.0 5.0 0 0 0 0 0 0 0.0 0.0 0.0 0.0 0 0 0 0
51638 0 106132.0 95899.0 75593.0 97499.0 0 0 0 0 9.0 10.0 14.0 10.0 12.0 8.0 0 0 0 0 0 0 0.0 0.0 0.0 0.0 0 0 0 0
51638 0 106181.0 95336.0 75648.0 96784.0 0 0 0 0 10.0 6.0 8.0 11.0 12.0 4.0 0 0 0 0 0 0 0.0 0.0 0.0 0.0 0 0 0 0
51638 0 106505.0 95610.0 75368.0 97245.0 0 0 0 0 10.0 7.0 10.0 7.0 12.0 5.0 0 0 0 0 0 0 0.0 0.0 0.0 0.0 0 0 0 0
51638 0 106638.0 96127.0 76255.0 97641.0 0 0 0 0 11.0 10.0 13.0 7.0 9.0 9.0 0 0 0 0 0 0 0.0 0.0 0.0 0.0 0 0 0 0
51638 0 105847.0 96186.0 75104.0 97337.0 0 0 0 0 10.0 10.0 7.0 6.0 6.0 12.0 0 0 0 0 0 0 0.0 0.0 0.0 0.0 0 0 0 0
51638 0 106719.0 95885.0 75428.0 96858.0 0 0 0 0 15.0 12.0 2.0 9.0 5.0 5.0 0 0 0 0 0 0 0.0 0.0 0.0 0.0 0 0 0 0
51638 0 105863.0 95402.0 75792.0 97009.0 0 0 0 0 8.0 6.0 11.0 7.0 11.0 7.0 0 0 0 0 0 0 0.0 0.0 0.0 0.0 0 0 0 0
51638 0 106125.0 95339.0 75819.0 97227.0 0 0 0 0 13.0 10.0 12.0 13.0 10.0 4.0 0 0 0 0 0 0 0.0 0.0 0.0 0.0 0 0 0 0
51638 0 105549.0 95427.0 75534.0 97546.0 0 0 0 0 11.0 1.0 12.0 7.0 20.0 8.0 0 0 0 0 0 0 0.0 0.0 0.0 0.0 0 0 0 0
51638 0 106753.0 96245.0 75906.0 97552.0 0 0 0 0 10.0 12.0 16.0 7.0 12.0 7.0 0 0 0 0 0 0 0.0 0.0 0.0 0.0 0 0 0 0
51638 0 106378.0 95779.0 76453.0 97457.0 0 0 0 0 9.0 7.0 12.0 8.0 3.0 6.0 0 0 0 0 0 0 0.0 0.0 0.0 0.0 0 0 0 0
51640 0 105555.0 95492.0 75371.0 97345.0 0 0 0 0 9.0 9.0 8.0 11.0 10.0 3.0 0 0 0 0 0 0 0.0 0.0 0.0 0.0 0 0 0 0
51640 0 105482.0 96191.0 75501.0 97760.0 0 0 0 0 11.0 8.0 13.0 8.0 9.0 14.0 0 0 0 0 0 0 0.0 0.0 0.0 0.0 0 0 0 0
51640 0 106048.0 95316.0 75503.0 97879.0 0 0 0 0 9.0 11.0 14.0 5.0 7.0 12.0 0 0 0 0 0 0 0.0 0.0 0.0 0.0 0 0 0 0
51640 0 106618.0 95503.0 75463.0 98145.0 0 0 0 0 11.0 8.0 9.0 4.0 4.0 10.0 0 0 0 0 0 0 0.0 0.0 0.0 0.0 0 0 0 0
51640 0 106121.0 95394.0 75514.0 96607.0 0 0 0 0 12.0 7.0 11.0 3.0 7.0 9.0 0 0 0 0 0 0 0.0 0.0 0.0 0.0 0 0 0 0
51640 0 105479.0 95683.0 74884.0 97054.0 0 0 0 0 11.0 7.0 11.0 4.0 20.0 8.0 0 0 0 0 0 0 0.0 0.0 0.0 0.0 0 0 0 0
51640 0 105768.0 95498.0 75650.0 96667.0 0 0 0 0 8.0 9.0 9.0 12.0 11.0 11.0 0 0 0 0 0 0 0.0 0.0 0.0 0.0 0 0 0 0
51640 0 105168.0 95905.0 75436.0 96959.0 0 0 0 0 10.0 9.0 9.0 4.0 11.0 9.0 0 0 0 0 0 0 0.0 0.0 0.0 0.0 0 0 0 0
51640 0 106436.0 95513.0 75547.0 96656.0 0 0 0 0 12.0 10.0 8.0 12.0 7.0 5.0 0 0 0 0 0 0 0.0 0.0 0.0 0.0 0 0 0 0
51640 0 105242.0 95119.0 75396.0 96797.0 0 0 0 0 14.0 6.0 15.0 7.0 8.0 14.0 0 0 0 0 0 0 0.0 0.0 0.0 0.0 0 0 0 0
51640 0 106303.0 95755.0 75414.0 97693.0 0 0 0 0 9.0 7.0 16.0 7.0 8.0 8.0 0 0 0 0 0 0 0.0 0.0 0.0 0.0 0 0 0 0
51640 0 105601.0 95447.0 75071.0 97063.0 0 0 0 0 8.0 9.0 9.0 7.0 10.0 9.0 0 0 0 0 0 0 0.0 0.0 0.0 0.0 0 0 0 0
51640 0 106110.0 94959.0 75457.0 97840.0 0 0 0 0 7.0 8.0 10.0 6.0 5.0 10.0 0 0 0 0 0 0 0.0 0.0 0.0 0.0 0 0 0 0
51640 0 106081.0 95625.0 75439.0 97404.0 0 0 0 0 11.0 7.0 16.0 5.0 9.0 6.0 0 0 0 0 0 0 0.0 0.0 0.0 0.0 0 0 0 0
51640 0 105802.0 95432.0 75731.0 97436.0 0 0 0 0 14.0 11.0 6.0 5.0 6.0 9.0 0 0 0 0 0 0 0.0 0.0 0.0 0.0 0 0 0 0
51640 0 105892.0 95852.0 76650.0 97558.0 0 0 0 0 7.0 14.0 12.0 9.0 5.0 7.0 0 0 0 0 0 0 0.0 0.0 0.0 0.0 0 0 0 0
51640 0 106294.0 95275.0 75913.0 97824.0 0 0 0 0 11.0 8.0 11.0 6.0 10.0 9.0 0 0 0 0 0 0 0.0 0.0 0.0 0.0 0 0 0 0
51640 0 105595.0 95724.0 76147.0 97103.0 0 0 0 0 15.0 8.0 11.0 5.0 8.0 7.0 0 0 0 0 0 0 0.0 0.0 0.0 0.0 0 0 0 0
51640 0 105797.0 95335.0 75725.0 98216.0 0 0 0 0 13.0 9.0 11.0 3.0 12.0 9.0 0 0 0 0 0 0 0.0 0.0 0.0 0.0 0 0 0 0
51640 0 106236.0 95734.0 76079.0 97826.0 0 0 0 0 11.0 8.0 11.0 8.0 7.0 10.0 0 0 0 0 0 0 0.0 0.0 0.0 0.0 0 0 0 0
51640 0 105988.0 95797.0 75638.0 97384.0 0 0 0 0 11.0 15.0 10.0 6.0 13.0 4.0 0 0 0 0 0 0 0.0 0.0 0.0 0.0 0 0 0 0
51640 0 106315.0 95518.0 76052.0 97421.0 0 0 0 0 16.0 5.0 7.0 10.0 8.0 9.0 0 0 0 0 0 0 0.0 0.0 0.0 0.0 0 0 0 0
51640 0 105741.0 96111.0 75631.0 97267.0 0 0 0 0 9.0 7.0 7.0 5.0 8.0 3.0 0 0 0 0 0 0 0.0 0.0 0.0 0.0 0 0 0 0
51640 0 105697.0 95341.0 76527.0 97432.0 0 0 0 0 11.0 15.0 8.0 12.0 11.0 4.0 0 0 0 0 0 0 0.0 0.0 0.0 0.0 0 0 0 0
51640 0 106126.0 95761.0 75761.0 96864.0 0 0 0 0 10.0 7.0 13.0 11.0 13.0 8.0 0 0 0 0 0 0 0.0 0.0 0.0 0.0 0 0 0 0
51640 0 105322.0 95632.0 75682.0 97248.0 0 0 0 0 10.0 10.0 8.0 7.0 5.0 4.0 0 0 0 0 0 0 0.0 0.0 0.0 0.0 0 0 0 0
51640 0 106262.0 95453.0 75308.0 96998.0 0 0 0 0 5.0 7.0 11.0 14.0 10.0 7.0 0 0 0 0 0 0 0.0 0.0 0.0 0.0 0 0 0 0
51640 0 105863.0 95987.0 75433.0 96750.0 0 0 0 0 8.0 9.0 12.0 8.0 7.0 10.0 0 0 0 0 0 0 0.0 0.0 0.0 0.0 0 0 0 0
51640 0 105856.0 95318.0 75618.0 97045.0 0 0 0 0 15.0 12.0 9.0 6.0 14.0 9.0 0 0 0 0 0 0 0.0 0.0 0.0 0.0 0 0 0 0
51640 0 105868.0 96180.0 75817.0 97119.0 0 0 0 0 12.0 10.0 8.0 9.0 11.0 12.0 0 0 0 0 0 0 0.0 0.0 0.0 0.0 0 0 0 0
51642 0 105812.0 95586.0 75388.0 97948.0 0 0 0 0 9.0 7.0 12.0 5.0 15.0 6.0 0 0 0 0 0 0 0.0 0.0 0.0 0.0 0 0 0 0
51642 0 105081.0 95857.0 75731.0 97842.0 0 0 0 0 13.0 5.0 9.0 7.0 10.0 8.0 0 0 0 0 0 0 0.0 0.0 0.0 0.0 0 0 0 0
51642 0 105993.0 95855.0 74765.0 97702.0 0 0 0 0 19.0 7.0 9.0 5.0 7.0 8.0 0 0 0 0 0 0 0.0 0.0 0.0 0.0 0 0 0 0
51642 0 106314.0 95814.0 75825.0 97667.0 0 0 0 0 13.0 11.0 7.0 6.0 14.0 7.0 0 0 0 0 0 0 0.0 0.0 0.0 0.0 0 0 0 0
51642 0 105526.0 95867.0 75279.0 98059.0 0 0 0 0 12.0 6.0 10.0 8.0 11.0 9.0 0 0 0 0 0 0 0.0 0.0 0.0 0.0 0 0 0 0
51642 0 106122.0 95933.0 76318.0 97917.0 0 0 0 0 5.0 8.0 8.0 6.0 8.0 10.0 0 0 0 0 0 0 0.0 0.0 0.0 0.0 0 0 0 0
51642 0 105335.0 96000.0 76042.0 97608.0 0 0 0 0 9.0 9.0 8.0 7.0 10.0 9.0 0 0 0 0 0 0 0.0 0.0 0.0 0.0 0 0 0 0
51642 0 105995.0 95641.0 75250.0 97565.0 0 0 0 0 6.0 6.0 8.0 9.0 8.0 10.0 0 0 0 0 0 0 0.0 0.0 0.0 0.0 0 0 0 0
51642 0 105070.0 96322.0 76240.0 97654.0 0 0 0 0 16.0 12.0 7.0 8.0 7.0 4.0 0 0 0 0 0 0 0.0 0.0 0.0 0.0 0 0 0 0
51642 0 105320.0 95655.0 75894.0 97835.0 0 0 0 0 10.0 5.0 12.0 5.0 10.0 6.0 0 0 0 0 0 0 0.0 0.0 0.0 0.0 0 0 0 0
51642 0 105627.0 95299.0 75387.0 97530.0 0 0 0 0 15.0 3.0 9.0 9.0 10.0 4.0 0 0 0 0 0 0 0.0 0.0 0.0 0.0 0 0 0 0
51642 0 106004.0 95571.0 75527.0 98064.0 0 0 0 0 16.0 6.0 7.0 7.0 4.0 10.0 0 0 0 0 0 0 0.0 0.0 0.0 0.0 0 0 0 0
51642 0 105916.0 96158.0 76282.0 97906.0 0 0 0 0 9.0 6.0 9.0 7.0 10.0 6.0 0 0 0 0 0 0 0.0 0.0 0.0 0.0 0 0 0 0
51642 0 105443.0 95726.0 75659.0 98018.0 0 0 0 0 12.0 5.0 12.0 3.0 11.0 4.0 0 0 0 0 0 0 0.0 0.0 0.0 0.0 0 0 0 0
51642 0 105235.0 95563.0 76113.0 98519.0 0 0 0 0 14.0 7.0 5.0 3.0 11.0 11.0 0 0 0 0 0 0 0.0 0.0 0.0 0.0 0 0 0 0
51642 0 106290.0 95821.0 75885.0 98273.0 0 0 0 0 14.0 11.0 9.0 9.0 10.0 8.0 0 0 0 0 0 0 0.0 0.0 0.0 0.0 0 0 0 0
51642 0 105289.0 95600.0 75598.0 98315.0 0 0 0 0 10.0 7.0 14.0 5.0 8.0 11.0 0 0 0 0 0 0 0.0 0.0 0.0 0.0 0 0 0 0
51642 0 105485.0 96333.0 76302.0 98948.0 0 0 0 0 7.0 10.0 13.0 7.0 9.0 9.0 0 0 0 0 0 0 0.0 0.0 0.0 0.0 0 0 0 0
51642 0 106534.0 95426.0 75901.0 98200.0 0 0 0 0 10.0 6.0 14.0 12.0 10.0 5.0 0 0 0 0 0 0 0.0 0.0 0.0 0.0 0 0 0 0
51642 0 105677.0 95503.0 75363.0 98033.0 0 0 0 0 10.0 3.0 11.0 5.0 13.0 6.0 0 0 0 0 0 0 0.0 0.0 0.0 0.0 0 0 0 0
51642 0 105480.0 95669.0 75377.0 97617.0 0 0 0 0 9.0 13.0 10.0 9.0 10.0 5.0 0 0 0 0 0 0 0.0 0.0 0.0 0.0 0 0 0 0
51642 0 105285.0 94976.0 75135.0 98046.0 0 0 0 0 15.0 11.0 4.0 7.0 8.0 10.0 0 0 0 0 0 0 0.0 0.0 0.0 0.0 0 0 0 0
51642 0 105160.0 95995.0 76310.0 98235.0 0 0 0 0 8.0 10.0 5.0 8.0 9.0 10.0 0 0 0 0 0 0 0.0 0.0 0.0 0.0 0 0 0 0
51642 0 105940.0 96025.0 75879.0 98434.0 0 0 0 0 4.0 19.0 10.0 9.0 11.0 6.0 0 0 0 0 0 0 0.0 0.0 0.0 0.0 0 0 0 0
51642 0 105909.0 96327.0 76321.0 98514.0 0 0 0 0 7.0 12.0 6.0 9.0 11.0 4.0 0 0 0 0 0 0 0.0 0.0 0.0 0.0 0 0 0 0
51642 0 105727.0 95345.0 75414.0 98125.0 0 0 0 0 16.0 11.0 7.0 6.0 7.0 10.0 0 0 0 0 0 0 0.0 0.0 0.0 0.0 0 0 0 0
51642 0 106242.0 95878.0 75305.0 97181.0 0 0 0 0 7.0 9.0 16.0 6.0 11.0 7.0 0 0 0 0 0 0 0.0 0.0 0.0 0.0 0 0 0 0
51642 0 105563.0 95552.0 76346.0 97881.0 0 0 0 0 12.0 5.0 7.0 10.0 8.0 7.0 0 0 0 0 0 0 0.0 0.0 0.0 0.0 0 0 0 0
51642 0 105620.0 94585.0 75897.0 97800.0 0 0 0 0 13.0 11.0 14.0 7.0 8.0 6.0 0 0 0 0 0 0 0.0 0.0 0.0 0.0 0 0 0 0
51642 0 105196.0 95691.0 75566.0 97578.0 0 0 0 0 8.0 10.0 17.0 10.0 8.0 7.0 0 0 0 0 0 0 0.0 0.0 0.0 0.0 0 0 0 0
51644 0 106038.0 94247.0 75366.0 97783.0 0 0 0 0 13.0 11.0 8.0 10.0 6.0 9.0 0 0 0 0 0 0 0.0 0.0 0.0 0.0 0 0 0 0
51644 0 105860.0 95526.0 75970.0 97697.0 0 0 0 0 11.0 10.0 9.0 7.0 11.0 10.0 0 0 0 0 0 0 0.0 0.0 0.0 0.0 0 0 0 0
51644 0 106364.0 94930.0 75670.0 97396.0 0 0 0 0 9.0 6.0 13.0 5.0 4.0 7.0 0 0 0 0 0 0 0.0 0.0 0.0 0.0 0 0 0 0
51644 0 106052.0 95197.0 75744.0 97447.0 0 0 0 0 8.0 7.0 10.0 3.0 11.0 8.0 0 0 0 0 0 0 0.0 0.0 0.0 0.0 0 0 0 0
51644 0 105848.0 95439.0 75730.0 98020.0 0 0 0 0 9.0 9.0 12.0 7.0 13.0 10.0 0 0 0 0 0 0 0.0 0.0 0.0 0.0 0 0 0 0
51644 0 105032.0 95100.0 75872.0 97491.0 0 0 0 0 13.0 13.0 9.0 9.0 9.0 15.0 0 0 0 0 0 0 0.0 0.0 0.0 0.0 0 0 0 0
51644 0 105993.0 96031.0 75309.0 97062.0 0 0 0 0 7.0 15.0 16.0 3.0 6.0 5.0 0 0 0 0 0 0 0.0 0.0 0.0 0.0 0 0 0 0
51644 0 105782.0 95892.0 75456.0 96964.0 0 0 0 0 18.0 4.0 8.0 8.0 15.0 8.0 0 0 0 0 0 0 0.0 0.0 0.0 0.0 0 0 0 0
51644 0 105570.0 95632.0 75187.0 96876.0 0 0 0 0 8.0 5.0 8.0 9.0 9.0 6.0 0 0 0 0 0 0 0.0 0.0 0.0 0.0 0 0 0 0
51644 0 106744.0 95263.0 75369.0 96732.0 0 0 0 0 9.0 12.0 10.0 8.0 10.0 8.0 0 0 0 0 0 0 0.0 0.0 0.0 0.0 0 0 0 0
51644 0 106685.0 96090.0 75686.0 97007.0 0 0 0 0 11.0 9.0 13.0 4.0 12.0 7.0 0 0 0 0 0 0 0.0 0.0 0.0 0.0 0 0 0 0
51644 0 106674.0 95628.0 75469.0 96975.0 0 0 0 0 9.0 9.0 2.0 8.0 6.0 8.0 0 0 0 0 0 0 0.0 0.0 0.0 0.0 0 0 0 0
51644 0 106098.0 95510.0 75963.0 96740.0 0 0 0 0 12.0 7.0 7.0 9.0 5.0 9.0 0 0 0 0 0 0 0.0 0.0 0.0 0.0 0 0 0 0
51644 0 105522.0 96025.0 75484.0 97090.0 0 0 0 0 14.0 7.0 13.0 11.0 6.0 12.0 0 0 0 0 0 0 0.0 0.0 0.0 0.0 0 0 0 0
51644 0 106425.0 95801.0 75238.0 97488.0 0 0 0 0 7.0 12.0 10.0 7.0 5.0 3.0 0 0 0 0 0 0 0.0 0.0 0.0 0.0 0 0 0 0
51644 0 105716.0 95187.0 75788.0 97326.0 0 0 0 0 12.0 5.0 8.0 7.0 11.0 9.0 0 0 0 0 0 0 0.0 0.0 0.0 0.0 0 0 0 0
51644 0 105952.0 95605.0 75472.0 97149.0 0 0 0 0 15.0 8.0 21.0 6.0 14.0 11.0 0 0 0 0 0 0 0.0 0.0 0.0 0.0 0 0 0 0
51644 0 105862.0 95306.0 75245.0 96481.0 0 0 0 0 4.0 8.0 12.0 8.0 14.0 12.0 0 0 0 0 0 0 0.0 0.0 0.0 0.0 0 0 0 0
51644 0 106171.0 95744.0 75875.0 97077.0 0 0 0 0 13.0 5.0 15.0 7.0 14.0 6.0 0 0 0 0 0 0 0.0 0.0 0.0 0.0 0 0 0 0
51644 0 106848.0 95192.0 75962.0 97198.0 0 0 0 0 10.0 6.0 12.0 3.0 12.0 5.0 0 0 0 0 0 0 0.0 0.0 0.0 0.0 0 0 0 0
51644 0 106025.0 95267.0 75414.0 97132.0 0 0 0 0 11.0 6.0 15.0 7.0 10.0 8.0 0 0 0 0 0 0 0.0 0.0 0.0 0.0 0 0 0 0
51644 0 106294.0 95975.0 75117.0 96534.0 0 0 0 0 15.0 11.0 13.0 7.0 3.0 6.0 0 0 0 0 0 0 0.0 0.0 0.0 0.0 0 0 0 0
51644 0 106482.0 95767.0 75652.0 97540.0 0 0 0 0 8.0 6.0 9.0 6.0 2.0 3.0 0 0 0 0 0 0 0.0 0.0 0.0 0.0 0 0 0 0
51644 0 106052.0 95295.0 76324.0 97080.0 0 0 0 0 10.0 8.0 7.0 6.0 12.0 9.0 0 0 0 0 0 0 0.0 0.0 0.0 0.0 0 0 0 0
51644 0 106165.0 95419.0 75779.0 96727.0 0 0 0 0 11.0 21.0 24.0 25.0 13.0 27.0 0 0 0 0 0 0 0.0 0.0 9.0 0.0 0 0 0 0
51644 0 106043.0 95095.0 74728.0 96996.0 0 0 0 0 14.0 7.0 9.0 8.0 9.0 8.0 0 0 0 0 0 0 0.0 0.0 0.0 0.0 0 0 0 0
51644 0 105442.0 95225.0 75151.0 96138.0 0 0 0 0 6.0 2.0 12.0 8.0 12.0 5.0 0 0 0 0 0 0 0.0 0.0 0.0 0.0 0 0 0 0
51644 0 105785.0 95204.0 75384.0 97246.0 0 0 0 0 7.0 11.0 17.0 5.0 13.0 5.0 0 0 0 0 0 0 0.0 0.0 0.0 0.0 0 0 0 0
51644 0 106172.0 95108.0 74551.0 97108.0 0 0 0 0 8.0 6.0 13.0 11.0 9.0 7.0 0 0 0 0 0 0 0.0 0.0 0.0 0.0 0 0 0 0
51644 0 105466.0 95233.0 75224.0 97268.0 0 0 0 0 16.0 12.0 7.0 8.0 8.0 6.0 0 0 0 0 0 0 0.0 0.0 0.0 0.0 0 0 0 0
51646 0 105204.0 95373.0 74821.0 98064.0 0 0 0 0 9.0 10.0 9.0 11.0 6.0 5.0 0 0 0 0 0 0 0.0 0.0 0.0 0.0 0 0 0 0
51646 0 104928.0 94959.0 75480.0 97244.0 0 0 0 0 6.0 4.0 13.0 4.0 7.0 4.0 0 0 0 0 0 0 0.0 0.0 0.0 0.0 0 0 0 0
51646 0 105580.0 94753.0 75640.0 97489.0 0 0 0 0 5.0 5.0 14.0 8.0 12.0 8.0 0 0 0 0 0 0 0.0 0.0 0.0 0.0 0 0 0 0
51646 0 104819.0 94759.0 75415.0 97359.0 0 0 0 0 11.0 12.0 13.0 11.0 3.0 7.0 0 0 0 0 0 0 0.0 0.0 0.0 0.0 0 0 0 0
51646 0 104908.0 95515.0 75084.0 98096.0 0 0 0 0 14.0 9.0 9.0 7.0 9.0 10.0 0 0 0 0 0 0 0.0 0.0 0.0 0.0 0 0 0 0
51646 0 105181.0 95083.0 75659.0 96936.0 0 0 0 0 5.0 7.0 12.0 9.0 11.0 11.0 0 0 0 0 0 0 0.0 0.0 0.0 0.0 0 0 0 0
51646 0 105251.0 95449.0 75079.0 97662.0 0 0 0 0 5.0 12.0 16.0 11.0 11.0 10.0 0 0 0 0 0 0 0.0 0.0 0.0 0.0 0 0 0 0
51646 0 104982.0 95379.0 75350.0 97981.0 0 0 0 0 8.0 7.0 11.0 6.0 12.0 6.0 0 0 0 0 0 0 0.0 0.0 0.0 0.0 0 0 0 0
51646 0 104484.0 94939.0 74873.0 97688.0 0 0 0 0 6.0 6.0 9.0 11.0 11.0 11.0 0 0 0 0 0 0 0.0 0.0 0.0 0.0 0 0 0 0
51646 0 104613.0 94970.0 75042.0 97433.0 0 0 0 0 8.0 7.0 10.0 4.0 5.0 4.0 0 0 0 0 0 0 0.0 0.0 0.0 0.0 0 0 0 0
51646 0 104700.0 95259.0 75561.0 97684.0 0 0 0 0 19.0 9.0 8.0 8.0 5.0 9.0 0 0 0 0 0 0 0.0 0.0 0.0 0.0 0 0 0 0
51646 0 105223.0 95319.0 75774.0 97856.0 0 0 0 0 11.0 9.0 8.0 7.0 11.0 10.0 0 0 0 0 0 0 0.0 0.0 0.0 0.0 0 0 0 0
51646 0 104785.0 95263.0 75554.0 97963.0 0 0 0 0 11.0 7.0 13.0 9.0 11.0 8.0 0 0 0 0 0 0 0.0 0.0 0.0 0.0 0 0 0 0
51646 0 105253.0 94983.0 75933.0 97762.0 0 0 0 0 11.0 7.0 17.0 7.0 8.0 7.0 0 0 0 0 0 0 0.0 0.0 0.0 0.0 0 0 0 0
51646 0 105314.0 95843.0 75162.0 98064.0 0 0 0 0 12.0 12.0 11.0 7.0 10.0 6.0 0 0 0 0 0 0 0.0 0.0 0.0 0.0 0 0 0 0
51646 0 105428.0 95665.0 75616.0 97025.0 0 0 0 0 4.0 14.0 12.0 10.0 15.0 11.0 0 0 0 0 0 0 0.0 0.0 0.0 0.0 0 0 0 0
51646 0 105461.0 95369.0 75712.0 97561.0 0 0 0 0 12.0 4.0 9.0 5.0 14.0 7.0 0 0 0 0 0 0 0.0 0.0 0.0 0.0 0 0 0 0
51646 0 105424.0 95452.0 74668.0 97309.0 0 0 0 0 10.0 6.0 12.0 8.0 13.0 10.0 0 0 0 0 0 0 0.0 0.0 0.0 0.0 0 0 0 0
51646 0 105770.0 95260.0 75610.0 96689.0 0 0 0 0 7.0 10.0 8.0 12.0 5.0 12.0 0 0 0 0 0 0 0.0 0.0 0.0 0.0 0 0 0 0
51646 0 105230.0 95155.0 75927.0 96927.0 0 0 0 0 9.0 8.0 11.0 8.0 9.0 6.0 0 0 0 0 0 0 0.0 0.0 0.0 0.0 0 0 0 0
51646 0 105226.0 96036.0 76217.0 97320.0 0 0 0 0 11.0 8.0 8.0 8.0 9.0 6.0 0 0 0 0 0 0 0.0 0.0 0.0 0.0 0 0 0 0
51646 0 105683.0 95469.0 75480.0 96932.0 0 0 0 0 10.0 7.0 16.0 8.0 18.0 11.0 0 0 0 0 0 0 0.0 0.0 0.0 0.0 0 0 0 0
51646 0 105317.0 95192.0 75599.0 97425.0 0 0 0 0 14.0 5.0 8.0 6.0 5.0 6.0 0 0 0 0 0 0 0.0 0.0 0.0 0.0 0 0 0 0
51646 0 105932.0 95142.0 75665.0 97059.0 0 0 0 0 9.0 8.0 12.0 8.0 14.0 4.0 0 0 0 0 0 0 0.0 0.0 0.0 0.0 0 0 0 0
51646 0 105399.0 95265.0 75418.0 97494.0 0 0 0 0 9.0 5.0 12.0 4.0 3.0 6.0 0 0 0 0 0 0 0.0 0.0 0.0 0.0 0 0 0 0
51646 0 105351.0 95506.0 75207.0 97515.0 0 0 0 0 11.0 7.0 5.0 4.0 12.0 9.0 0 0 0 0 0 0 0.0 0.0 0.0 0.0 0 0 0 0
51646 0 105685.0 95711.0 75546.0 97668.0 0 0 0 0 11.0 4.0 5.0 10.0 4.0 9.0 0 0 0 0 0 0 0.0 0.0 0.0 0.0 0 0 0 0
51646 0 104516.0 94887.0 75639.0 96931.0 0 0 0 0 10.0 5.0 12.0 9.0 11.0 17.0 0 0 0 0 0 0 0.0 0.0 0.0 0.0 0 0 0 0
51646 0 106105.0 94929.0 76002.0 97544.0 0 0 0 0 12.0 6.0 12.0 10.0 6.0 9.0 0 0 0 0 0 0 0.0 0.0 0.0 0.0 0 0 0 0
51646 0 105431.0 95293.0 75385.0 97611.0 0 0 0 0 12.0 7.0 8.0 5.0 13.0 8.0 0 0 0 0 0 0 0.0 0.0 0.0 0.0 0 0 0 0
51648 0 106569.0 94964.0 75269.0 96940.0 0 0 0 0 12.0 6.0 12.0 7.0 6.0 9.0 0 0 0 0 0 0 0.0 0.0 0.0 0.0 0 0 0 0
51648 0 105759.0 95327.0 75488.0 95970.0 0 0 0 0 6.0 3.0 10.0 10.0 10.0 4.0 0 0 0 0 0 0 0.0 0.0 0.0 0.0 0 0 0 0
51648 0 106077.0 96547.0 75666.0 97176.0 0 0 0 0 7.0 12.0 9.0 12.0 9.0 8.0 0 0 0 0 0 0 0.0 0.0 0.0 0.0 0 0 0 0
51648 0 105356.0 95176.0 75758.0 96926.0 0 0 0 0 8.0 6.0 8.0 4.0 9.0 8.0 0 0 0 0 0 0 0.0 0.0 0.0 0.0 0 0 0 0
51648 0 106260.0 95046.0 75704.0 96809.0 0 0 0 0 5.0 8.0 8.0 3.0 12.0 2.0 0 0 0 0 0 0 0.0 0.0 0.0 0.0 0 0 0 0
51648 0 105793.0 95850.0 75110.0 96347.0 0 0 0 0 7.0 10.0 11.0 11.0 9.0 13.0 0 0 0 0 0 0 0.0 0.0 0.0 0.0 0 0 0 0
51648 0 106552.0 95467.0 74982.0 96762.0 0 0 0 0 12.0 8.0 12.0 11.0 7.0 8.0 0 0 0 0 0 0 0.0 0.0 0.0 0.0 0 0 0 0
51648 0 105091.0 95029.0 75421.0 96645.0 0 0 0 0 10.0 14.0 7.0 7.0 8.0 15.0 0 0 0 0 0 0 0.0 0.0 0.0 0.0 0 0 0 0
51648 0 105118.0 95768.0 75151.0 97009.0 0 0 0 0 7.0 7.0 8.0 6.0 15.0 6.0 0 0 0 0 0 0 0.0 0.0 0.0 0.0 0 0 0 0
51648 0 105152.0 95179.0 76091.0 97029.0 0 0 0 0 4.0 10.0 10.0 7.0 15.0 6.0 0 0 0 0 0 0 0.0 0.0 1.0 0.0 0 0 0 0
51648 0 106594.0 95224.0 75292.0 96971.0 0 0 0 0 7.0 7.0 11.0 5.0 8.0 8.0 0 0 0 0 0 0 0.0 0.0 0.0 0.0 0 0 0 0
51648 0 106367.0 95612.0 75213.0 96141.0 0 0 0 0 16.0 5.0 14.0 8.0 12.0 9.0 0 0 0 0 0 0 0.0 0.0 0.0 0.0 0 0 0 0
51648 0 105874.0 95430.0 75324.0 96446.0 0 0 0 0 8.0 7.0 12.0 7.0 9.0 7.0 0 0 0 0 0 0 0.0 0.0 0.0 0.0 0 0 0 0
51648 0 105686.0 95237.0 75408.0 96768.0 0 0 0 0 8.0 9.0 16.0 8.0 9.0 11.0 0 0 0 0 0 0 0.0 0.0 0.0 0.0 0 0 0 0
51648 0 106233.0 95167.0 74942.0 96221.0 0 0 0 0 11.0 8.0 5.0 9.0 12.0 7.0 0 0 0 0 0 0 0.0 0.0 0.0 0.0 0 0 0 0
51648 0 106777.0 94881.0 75578.0 96321.0 0 0 0 0 7.0 5.0 11.0 10.0 9.0 15.0 0 0 0 0 0 0 0.0 0.0 0.0 0.0 0 0 0 0
51648 0 106358.0 95491.0 75373.0 96224.0 0 0 0 0 19.0 10.0 8.0 6.0 17.0 5.0 0 0 0 0 0 0 0.0 0.0 0.0 0.0 0 0 0 0
51648 0 106341.0 95532.0 75490.0 96596.0 0 0 0 0 5.0 8.0 7.0 7.0 6.0 10.0 0 0 0 0 0 0 0.0 0.0 0.0 0.0 0 0 0 0
51648 0 106329.0 94869.0 74993.0 96147.0 0 0 0 0 14.0 8.0 14.0 8.0 10.0 6.0 0 0 0 0 0 0 0.0 0.0 0.0 0.0 0 0 0 0
51648 0 106345.0 95328.0 74827.0 96085.0 0 0 0 0 4.0 7.0 7.0 8.0 7.0 8.0 0 0 0 0 0 0 0.0 0.0 0.0 0.0 0 0 0 0
51648 0 105908.0 95553.0 75092.0 95838.0 0 0 0 0 15.0 10.0 9.0 9.0 9.0 7.0 0 0 0 0 0 0 0.0 0.0 0.0 0.0 0 0 0 0
51648 0 105488.0 95117.0 75393.0 96319.0 0 0 0 0 10.0 6.0 11.0 4.0 7.0 6.0 0 0 0 0 0 0 0.0 0.0 0.0 0.0 0 0 0 0
51648 0 105594.0 95002.0 75093.0 96371.0 0 0 0 0 7.0 8.0 6.0 8.0 11.0 8.0 0 0 0 0 0 0 0.0 0.0 0.0 0.0 0 0 0 0
51648 0 105278.0 94942.0 75371.0 96280.0 0 0 0 0 10.0 7.0 15.0 8.0 11.0 13.0 0 0 0 0 0 0 0.0 0.0 0.0 0.0 0 0 0 0
51648 0 105386.0 94411.0 74766.0 96655.0 0 0 0 0 21.0 15.0 7.0 12.0 14.0 7.0 0 0 0 0 0 0 0.0 0.0 0.0 0.0 0 0 0 0
51648 0 106383.0 94792.0 75438.0 96692.0 0 0 0 0 8.0 12.0 10.0 4.0 10.0 7.0 0 0 0 0 0 0 0.0 0.0 0.0 0.0 0 0 0 0
51648 0 106585.0 94937.0 75024.0 96634.0 0 0 0 0 13.0 10.0 15.0 10.0 13.0 11.0 0 0 0 0 0 0 0.0 0.0 0.0 0.0 0 0 0 0
51648 0 105497.0 95036.0 75132.0 96459.0 0 0 0 0 16.0 3.0 11.0 14.0 13.0 10.0 0 0 0 0 0 0 0.0 0.0 0.0 0.0 0 0 0 0
51648 0 105887.0 94961.0 75516.0 96168.0 0 0 0 0 4.0 6.0 12.0 4.0 9.0 6.0 0 0 0 0 0 0 0.0 0.0 0.0 0.0 0 0 0 0
51648 0 105874.0 94945.0 75339.0 96187.0 0 0 0 0 5.0 10.0 14.0 1.0 11.0 10.0 0 0 0 0 0 0 0.0 0.0 0.0 0.0 0 0 0 0
51650 0 104889.0 94925.0 74909.0 96595.0 0 0 0 0 7.0 8.0 9.0 5.0 9.0 7.0 0 0 0 0 0 0 0.0 0.0 0.0 0.0 0 0 0 0
51650 0 105542.0 95224.0 75384.0 97040.0 0 0 0 0 10.0 3.0 11.0 6.0 14.0 10.0 0 0 0 0 0 0 0.0 0.0 0.0 0.0 0 0 0 0
51650 0 105088.0 95331.0 75495.0 97080.0 0 0 0 0 13.0 8.0 11.0 11.0 8.0 7.0 0 0 0 0 0 0 0.0 0.0 0.0 0.0 0 0 0 0
51650 0 105560.0 95092.0 75064.0 97704.0 0 0 0 0 14.0 8.0 17.0 9.0 15.0 5.0 0 0 0 0 0 0 0.0 0.0 0.0 0.0 0 0 0 0
51650 0 104971.0 95486.0 75431.0 98031.0 0 0 0 0 8.0 8.0 11.0 6.0 10.0 9.0 0 0 0 0 0 0 0.0 0.0 0.0 0.0 0 0 0 0
51650 0 105121.0 94529.0 75424.0 96788.0 0 0 0 0 10.0 8.0 11.0 8.0 4.0 5.0 0 0 0 0 0 0 0.0 0.0 0.0 0.0 0 0 0 0
51650 0 104563.0 94657.0 75825.0 97748.0 0 0 0 0 21.0 11.0 14.0 8.0 11.0 7.0 0 0 0 0 0 0 0.0 0.0 0.0 0.0 0 0 0 0
51650 0 105126.0 95079.0 75648.0 97917.0 0 0 0 0 6.0 5.0 12.0 8.0 7.0 11.0 0 0 0 0 0 0 0.0 0.0 0.0 0.0 0 0 0 0
51650 0 104351.0 95094.0 75458.0 97462.0 0 0 0 0 12.0 6.0 14.0 11.0 10.0 7.0 0 0 0 0 0 0 0.0 0.0 0.0 0.0 0 0 0 0
51650 0 104678.0 95607.0 75037.0 97389.0 0 0 0 0 6.0 10.0 12.0 9.0 8.0 12.0 0 0 0 0 0 0 0.0 0.0 0.0 0.0 0 0 0 0
51650 0 104175.0 94771.0 75217.0 97625.0 0 0 0 0 10.0 11.0 12.0 6.0 7.0 10.0 0 0 0 0 0 0 0.0 0.0 0.0 0.0 0 0 0 0
51650 0 104952.0 95288.0 75761.0 97823.0 0 0 0 0 6.0 12.0 18.0 7.0 14.0 13.0 0 0 0 0 0 0 0.0 0.0 0.0 0.0 0 0 0 0
51650 0 104318.0 94753.0 75283.0 98051.0 0 0 0 0 8.0 10.0 8.0 6.0 9.0 5.0 0 0 0 0 0 0 0.0 0.0 0.0 0.0 0 0 0 0
51650 0 104589.0 95047.0 75137.0 98067.0 0 0 0 0 8.0 9.0 13.0 8.0 9.0 12.0 0 0 0 0 0 0 0.0 0.0 0.0 0.0 0 0 0 0
51650 0 104650.0 94492.0 75848.0 97481.0 0 0 0 0 16.0 10.0 4.0 7.0 11.0 7.0 0 0 0 0 0 0 0.0 0.0 0.0 0.0 0 0 0 0
51650 0 104872.0 94967.0 75435.0 98218.0 0 0 0 0 10.0 6.0 15.0 7.0 10.0 6.0 0 0 0 0 0 0 0.0 0.0 0.0 0.0 0 0 0 0
51650 0 104810.0 95386.0 75498.0 97900.0 0 0 0 0 8.0 8.0 9.0 2.0 10.0 9.0 0 0 0 0 0 0 0.0 0.0 0.0 0.0 0 0 0 0
51650 0 105173.0 94897.0 75394.0 97167.0 0 0 0 0 10.0 10.0 9.0 6.0 5.0 7.0 0 0 0 0 0 0 0.0 0.0 0.0 0.0 0 0 0 0
51650 0 104698.0 94734.0 75117.0 97944.0 0 0 0 0 16.0 6.0 9.0 8.0 11.0 11.0 0 0 0 0 0 0 0.0 0.0 0.0 0.0 0 0 0 0
51650 0 104990.0 94934.0 75001.0 98217.0 0 0 0 0 8.0 6.0 12.0 3.0 12.0 3.0 0 0 0 0 0 0 0.0 0.0 0.0 0.0 0 0 0 0
51650 0 104648.0 94590.0 75801.0 97207.0 0 0 0 0 9.0 8.0 18.0 8.0 8.0 9.0 0 0 0 0 0 0 0.0 0.0 0.0 0.0 0 0 0 0
51650 0 104617.0 95296.0 75281.0 97745.0 0 0 0 0 8.0 8.0 11.0 14.0 13.0 9.0 0 0 0 0 0 0 0.0 0.0 0.0 0.0 0 0 0 0
51650 0 104951.0 94688.0 75827.0 97521.0 0 0 0 0 7.0 11.0 17.0 8.0 6.0 7.0 0 0 0 0 0 0 0.0 0.0 0.0 0.0 0 0 0 0
51650 0 104991.0 94741.0 74617.0 97682.0 0 0 0 0 11.0 9.0 8.0 10.0 9.0 5.0 0 0 0 0 0 0 0.0 0.0 0.0 0.0 0 0 0 0
51650 0 104936.0 95162.0 75255.0 97382.0 0 0 0 0 12.0 5.0 10.0 8.0 12.0 9.0 0 0 0 0 0 0 0.0 0.0 0.0 0.0 0 0 0 0
51650 0 104566.0 95076.0 75431.0 97662.0 0 0 0 0 11.0 11.0 10.0 11.0 8.0 8.0 0 0 0 0 0 0 0.0 0.0 0.0 0.0 0 0 0 0
51650 0 104455.0 94961.0 75113.0 97260.0 0 0 0 0 10.0 3.0 7.0 7.0 12.0 10.0 0 0 0 0 0 0 0.0 0.0 0.0 0.0 0 0 0 0
51650 0 104416.0 95133.0 74777.0 97619.0 0 0 0 0 8.0 7.0 13.0 3.0 8.0 6.0 0 0 0 0 0 0 0.0 0.0 0.0 0.0 0 0 0 0
51650 0 104973.0 95217.0 75055.0 97961.0 0 0 0 0 15.0 7.0 17.0 10.0 13.0 6.0 0 0 0 0 0 0 0.0 0.0 0.0 0.0 0 0 0 0
51650 0 105008.0 95483.0 74864.0 97693.0 0 0 0 0 15.0 7.0 11.0 8.0 7.0 11.0 0 0 0 0 0 0 0.0 0.0 0.0 0.0 0 0 0 0
